0.002000,0.000000,0.000000,0.000000,0.000000
0.049000,0.000000,0.000000,0.000000,0.000000
0.128100,0.000000,0.000000,0.000000,0.000000
0.165000,0.000000,0.000000,0.000000,0.000000
0.509300,0.000000,0.000000,0.000000,0.000000
0.575500,0.000000,0.000000,0.000000,0.000000
0.728600,0.000000,0.000000,-0.000000,-0.000000
0.815000,0.000000,0.000000,-0.000000,-0.000000
0.898500,0.000000,0.000000,-0.000000,-0.000000
0.976300,0.000000,0.000000,-0.000000,-0.000000
1.103000,0.000000,0.000000,-0.000000,-0.000000
1.223200,0.000000,0.000000,-0.000000,-0.000000
1.347300,0.000000,0.000000,-0.000000,-0.000000
1.468700,0.000000,0.000000,-0.000000,-0.000000
1.590100,0.000000,0.000000,-0.000000,-0.000000
1.713800,0.000000,0.000000,-0.000000,-0.000000
1.836400,0.000000,0.000000,-0.000000,-0.000000
1.957900,0.000000,0.000000,-0.000000,-0.000000
2.084900,0.000000,0.000000,-0.000000,-0.000000
2.211400,0.000000,0.000000,-0.000000,-0.000000
2.337200,0.000000,0.000000,-0.000000,-0.000000
2.466500,0.000000,0.000000,-0.000000,-0.000000
2.594600,0.000000,0.000000,-0.000000,-0.000000
2.714100,0.000000,0.000000,-0.000000,-0.000000
2.839000,0.000000,0.000000,-0.000000,-0.000000
2.973000,0.000000,0.000000,-0.000000,-0.000000
3.096900,100.000000,100.000000,-0.000000,-0.000000
3.220400,100.000000,100.000000,-0.000000,-0.000000
3.344200,100.000000,100.000000,-0.000000,-0.000000
3.465500,100.000000,100.000000,0.160959,0.189364
3.591500,100.000000,100.000000,0.211457,0.265110
3.713100,100.000000,100.000000,0.236705,0.290358
3.839900,100.000000,100.000000,0.277734,0.318763
3.961400,100.000000,100.000000,0.359792,0.378728
4.088500,100.000000,100.000000,0.429225,0.457630
4.215900,100.000000,100.000000,0.473410,0.520751
4.340300,100.000000,100.000000,0.536532,0.574404
4.461300,100.000000,100.000000,0.587029,0.628057
4.586500,100.000000,100.000000,0.631213,0.672242
4.709000,100.000000,100.000000,0.665930,0.713271
4.833800,100.000000,100.000000,0.710115,0.747988
4.955500,100.000000,100.000000,0.747988,0.785861
5.083400,100.000000,100.000000,0.785861,0.814265
5.204600,100.000000,100.000000,0.807953,0.848982
5.337100,100.000000,100.000000,0.842670,0.877387
5.469900,100.000000,100.000000,0.867919,0.886855
5.626300,100.000000,100.000000,0.883699,0.908947
5.765600,100.000000,100.000000,0.905791,0.937352
5.919700,100.000000,100.000000,0.924728,0.949976
6.060900,100.000000,100.000000,0.946820,0.965757
6.194300,100.000000,100.000000,0.965757,0.981537
6.336800,100.000000,100.000000,0.981537,0.994161
6.498100,100.000000,100.000000,1.000473,1.006786
6.639800,100.000000,100.000000,1.013098,1.009942
6.803500,100.000000,100.000000,1.041502,1.025722
6.930800,100.000000,100.000000,1.050970,1.038346
7.063300,100.000000,100.000000,1.054127,1.044658
7.186800,100.000000,100.000000,1.069907,1.047814
7.317900,100.000000,100.000000,1.079375,1.041502
7.437900,100.000000,100.000000,1.088843,1.066751
7.569100,100.000000,100.000000,1.101468,1.063595
7.693200,100.000000,100.000000,1.107780,1.069907
7.819300,100.000000,100.000000,1.117248,1.076219
7.959900,100.000000,100.000000,1.133028,1.076219
8.108400,100.000000,100.000000,1.151965,1.095155
8.247400,100.000000,100.000000,1.148809,1.085687
8.393000,100.000000,100.000000,1.164589,1.095155
8.519400,100.000000,100.000000,1.161433,1.098312
8.654200,100.000000,100.000000,1.161433,1.104624
8.785500,100.000000,100.000000,1.174057,1.110936
8.913000,100.000000,100.000000,1.164589,1.107780
9.035300,100.000000,100.000000,1.180369,1.126716
9.163600,100.000000,100.000000,1.170901,1.117248
9.284000,100.000000,100.000000,1.183525,1.129872
9.405400,100.000000,100.000000,1.177213,1.142496
9.527200,100.000000,100.000000,1.170901,1.133028
9.649500,100.000000,100.000000,1.170901,1.145653
9.770800,100.000000,100.000000,1.170901,1.142496
9.895600,100.000000,100.000000,1.170901,1.155121
10.024900,100.000000,100.000000,1.174057,1.148809
10.165600,100.000000,100.000000,1.174057,1.158277
10.291100,100.000000,100.000000,1.170901,1.155121
10.429800,100.000000,100.000000,1.189837,1.174057
10.563500,100.000000,100.000000,1.180369,1.164589
10.712900,100.000000,100.000000,1.186681,1.164589
10.857600,100.000000,100.000000,1.186681,1.177213
10.999100,100.000000,100.000000,1.192994,1.174057
11.128300,100.000000,100.000000,1.189837,1.170901
11.263400,100.000000,100.000000,1.205618,1.177213
11.386900,100.000000,100.000000,1.196150,1.167745
11.537900,100.000000,100.000000,1.199306,1.167745
11.666200,100.000000,100.000000,1.199306,1.174057
11.815100,100.000000,100.000000,1.196150,1.170901
11.939900,100.000000,100.000000,1.189837,1.167745
12.064100,100.000000,100.000000,1.186681,1.167745
12.208500,100.000000,100.000000,1.189837,1.170901
12.342000,100.000000,100.000000,1.189837,1.167745
12.460300,100.000000,100.000000,1.199306,1.174057
12.598900,100.000000,100.000000,1.192994,1.174057
12.744100,100.000000,100.000000,1.196150,1.180369
12.897300,100.000000,100.000000,1.208774,1.183525
13.047700,100.000000,100.000000,1.208774,1.170901
13.200800,100.000000,100.000000,1.199306,1.180369
13.340200,100.000000,100.000000,1.211930,1.199306
13.488500,100.000000,100.000000,1.202462,1.186681
13.629000,100.000000,100.000000,1.218242,1.192994
13.767400,100.000000,100.000000,1.208774,1.196150
13.907700,100.000000,100.000000,1.199306,1.192994
14.047800,100.000000,100.000000,1.199306,1.205618
14.173600,100.000000,100.000000,1.186681,1.202462
14.319400,100.000000,100.000000,1.180369,1.192994
14.478600,100.000000,100.000000,1.174057,1.208774
14.642500,100.000000,100.000000,1.167745,1.202462
14.795900,100.000000,100.000000,1.180369,1.208774
14.951000,100.000000,100.000000,1.186681,1.202462
15.089400,100.000000,100.000000,1.186681,1.205618
15.239500,100.000000,100.000000,1.192994,1.208774
15.362600,100.000000,100.000000,1.208774,1.211930
15.514600,100.000000,100.000000,1.221398,1.205618
15.638900,100.000000,100.000000,1.215086,1.196150
15.794200,100.000000,100.000000,1.224554,1.211930
15.936400,100.000000,100.000000,1.227710,1.211930
16.083099,100.000000,100.000000,1.227710,1.196150
16.205999,100.000000,100.000000,1.240335,1.211930
16.354200,100.000000,100.000000,1.227710,1.199306
16.498199,100.000000,100.000000,1.230866,1.199306
16.642300,100.000000,100.000000,1.240335,1.202462
16.766300,100.000000,100.000000,1.227710,1.186681
16.903000,100.000000,100.000000,1.224554,1.196150
17.049601,100.000000,100.000000,1.221398,1.192994
17.189199,100.000000,100.000000,1.227710,1.189837
17.340200,100.000000,100.000000,1.227710,1.186681
17.474300,100.000000,100.000000,1.218242,1.186681
17.609800,100.000000,100.000000,1.211930,1.189837
17.737000,100.000000,100.000000,1.218242,1.196150
17.876101,100.000000,100.000000,1.215086,1.189837
18.009100,100.000000,100.000000,1.205618,1.183525
18.156700,100.000000,100.000000,1.199306,1.196150
18.302099,100.000000,100.000000,1.215086,1.208774
18.433201,100.000000,100.000000,1.199306,1.189837
18.569500,100.000000,100.000000,1.208774,1.208774
18.697599,100.000000,100.000000,1.196150,1.205618
18.819700,100.000000,100.000000,1.189837,1.202462
18.941700,100.000000,100.000000,1.199306,1.215086
19.066200,100.000000,100.000000,1.189837,1.202462
19.191500,100.000000,100.000000,1.189837,1.215086
19.313601,100.000000,100.000000,1.186681,1.224554
19.435801,100.000000,100.000000,1.189837,1.211930
19.561600,100.000000,100.000000,1.208774,1.218242
19.684700,100.000000,100.000000,1.208774,1.221398
19.810600,100.000000,100.000000,1.202462,1.230866
19.934700,100.000000,100.000000,1.211930,1.215086
20.068501,100.000000,100.000000,1.202462,1.208774
20.193100,100.000000,100.000000,1.211930,1.199306
20.316200,100.000000,100.000000,1.224554,1.211930
20.440001,100.000000,100.000000,1.211930,1.205618
20.585899,100.000000,100.000000,1.227710,1.230866
20.712099,100.000000,100.000000,1.230866,1.218242
20.835400,100.000000,100.000000,1.234022,1.205618
20.961300,100.000000,100.000000,1.211930,1.196150
21.079201,100.000000,100.000000,1.205618,1.164589
21.204000,100.000000,100.000000,1.215086,1.192994
21.327600,100.000000,100.000000,1.189837,1.151965
21.451900,100.000000,100.000000,1.202462,1.174057
21.567900,100.000000,100.000000,1.208774,1.186681
21.693199,100.000000,100.000000,1.205618,1.183525
21.812201,100.000000,100.000000,1.211930,1.167745
21.934700,100.000000,100.000000,1.180369,1.158277
22.057301,100.000000,100.000000,1.202462,1.180369
22.179800,100.000000,100.000000,1.183525,1.158277
22.298599,100.000000,100.000000,1.192994,1.161433
22.422800,100.000000,100.000000,1.170901,1.164589
22.543600,100.000000,100.000000,1.167745,1.180369
22.667700,100.000000,100.000000,1.161433,1.180369
22.786200,100.000000,100.000000,1.148809,1.167745
22.910299,100.000000,100.000000,1.158277,1.196150
23.029301,100.000000,100.000000,1.133028,1.180369
23.153099,100.000000,100.000000,1.148809,1.189837
23.270599,100.000000,100.000000,1.142496,1.192994
23.394300,100.000000,100.000000,1.145653,1.186681
23.512199,100.000000,100.000000,1.145653,1.199306
23.636700,100.000000,100.000000,1.148809,1.196150
23.757099,100.000000,100.000000,1.161433,1.192994
23.905199,100.000000,100.000000,1.174057,1.192994
24.023800,100.000000,100.000000,1.183525,1.196150
24.147499,100.000000,100.000000,1.192994,1.205618
24.267000,100.000000,100.000000,1.202462,1.205618
24.390900,100.000000,100.000000,1.218242,1.211930
24.511101,100.000000,100.000000,1.224554,1.208774
24.629801,100.000000,100.000000,1.218242,1.215086
24.743601,100.000000,100.000000,1.237178,1.234022
24.865499,100.000000,100.000000,1.230866,1.224554
24.992300,100.000000,100.000000,1.243491,1.243491
25.116301,100.000000,100.000000,1.252959,1.243491
25.240400,100.000000,100.000000,1.259271,1.237178
25.364201,100.000000,100.000000,1.268739,1.246647
25.484400,100.000000,100.000000,1.259271,1.240335
25.607901,100.000000,100.000000,1.262427,1.243491
25.731899,100.000000,100.000000,1.259271,1.240335
25.858101,100.000000,100.000000,1.262427,1.234022
25.987700,100.000000,100.000000,1.278207,1.240335
26.114401,100.000000,100.000000,1.271895,1.240335
26.265200,100.000000,100.000000,1.262427,1.234022
26.386700,100.000000,100.000000,1.252959,1.234022
26.507200,100.000000,100.000000,1.243491,1.224554
26.654600,100.000000,100.000000,1.230866,1.224554
26.806000,100.000000,100.000000,1.218242,1.230866
26.953699,100.000000,100.000000,1.218242,1.240335
27.106800,100.000000,100.000000,1.202462,1.224554
27.257200,100.000000,100.000000,1.211930,1.237178
27.400200,100.000000,100.000000,1.205618,1.237178
27.547501,100.000000,100.000000,1.199306,1.224554
27.697001,100.000000,100.000000,1.211930,1.240335
27.832500,100.000000,100.000000,1.199306,1.221398
27.955200,100.000000,100.000000,1.205618,1.218242
28.081400,0.000000,0.000000,1.208774,1.221398
28.205299,0.000000,0.000000,1.211930,1.211930
28.331100,0.000000,0.000000,1.221398,1.218242
28.450399,0.000000,0.000000,1.148809,1.158277
28.571600,0.000000,0.000000,1.107780,1.117248
28.689199,0.000000,0.000000,1.161433,1.170901
28.808300,0.000000,0.000000,1.066751,1.076219
28.957001,0.000000,0.000000,1.057283,1.073063
29.077700,0.000000,0.000000,1.016254,1.050970
29.195700,0.000000,0.000000,0.968913,1.016254
29.317600,0.000000,0.000000,0.956288,0.991005
29.464300,0.000000,0.000000,0.927884,0.968913
29.585199,0.000000,0.000000,0.890011,0.946820
29.725401,0.000000,0.000000,0.858450,0.921572
29.880100,0.000000,0.000000,0.842670,0.902635
30.025801,0.000000,0.000000,0.807953,0.867919
30.146999,0.000000,0.000000,0.782705,0.852138
30.282101,0.000000,0.000000,0.757456,0.845826
30.405399,0.000000,0.000000,0.719583,0.801641
30.527300,0.000000,0.000000,0.710115,0.792173
30.676600,0.000000,0.000000,0.672242,0.766924
30.800501,0.000000,0.000000,0.643838,0.732208
30.922001,0.000000,0.000000,0.631213,0.725896
31.044500,0.000000,0.000000,0.593341,0.688023
31.181900,0.000000,0.000000,0.580716,0.669086
31.320801,0.000000,0.000000,0.564936,0.656462
31.460400,0.000000,0.000000,0.523907,0.618589
31.596500,0.000000,0.000000,0.511283,0.602809
31.717800,0.000000,0.000000,0.486034,0.571248
31.832399,0.000000,0.000000,0.467098,0.542844
31.951900,0.000000,0.000000,0.448162,0.527063
32.068600,0.000000,0.000000,0.416601,0.498659
32.185600,0.000000,0.000000,0.407133,0.482878
32.299099,0.000000,0.000000,0.388196,0.451318
32.416599,0.000000,0.000000,0.362948,0.435537
32.529598,0.000000,0.000000,0.347167,0.410289
32.646599,0.000000,0.000000,0.328231,0.381884
32.789501,0.000000,0.000000,0.299826,0.359792
32.932098,0.000000,0.000000,0.287202,0.344011
33.050201,0.000000,0.000000,0.261954,0.309295
33.170601,0.000000,0.000000,0.249329,0.299826
33.297699,0.000000,0.000000,0.230393,0.271422
33.438099,0.000000,0.000000,0.217769,0.255641
33.560501,0.000000,0.000000,0.201988,0.239861
33.678299,0.000000,0.000000,0.186208,0.220925
33.794201,0.000000,0.000000,0.170428,0.205144
33.911800,0.000000,0.000000,0.157803,0.189364
34.034401,0.000000,0.000000,0.142023,0.173584
34.162399,0.000000,0.000000,0.129399,0.154647
34.290100,0.000000,0.000000,0.119931,0.135711
34.419399,0.000000,0.000000,0.104150,0.129399
34.548401,0.000000,0.000000,0.091526,0.107306
34.679401,0.000000,0.000000,0.082058,0.097838
34.806900,0.000000,0.000000,0.069433,0.082058
34.928101,0.000000,0.000000,0.063121,0.069433
35.048401,0.000000,0.000000,0.047341,0.059965
35.170799,0.000000,0.000000,0.041029,0.047341
35.293301,0.000000,0.000000,0.025249,0.034717
35.421299,0.000000,0.000000,0.022092,0.025249
35.541599,0.000000,0.000000,0.009468,0.012624
35.665100,0.000000,0.000000,0.003156,0.006312
35.787102,0.000000,0.000000,-0.000000,-0.000000
35.924000,0.000000,0.000000,-0.000000,-0.000000
36.048000,0.000000,0.000000,-0.000000,-0.000000
36.173901,0.000000,0.000000,-0.000000,-0.000000
36.291000,0.000000,0.000000,-0.000000,-0.000000
36.410099,0.000000,0.000000,-0.000000,-0.003156
36.531700,0.000000,0.000000,-0.000000,-0.009468
36.657200,0.000000,0.000000,-0.000000,-0.006312
36.779900,0.000000,0.000000,-0.000000,-0.009468
36.906898,0.000000,0.000000,-0.003156,-0.000000
37.050900,0.000000,0.000000,-0.000000,-0.000000
37.178299,0.000000,0.000000,-0.000000,-0.000000
37.320801,0.000000,0.000000,-0.000000,-0.000000
37.446602,0.000000,0.000000,-0.000000,-0.000000
37.573299,0.000000,0.000000,-0.000000,-0.000000
37.703602,0.000000,0.000000,-0.000000,-0.000000
37.832401,0.000000,0.000000,-0.000000,-0.000000
37.955700,0.000000,0.000000,-0.000000,-0.000000
38.086800,0.000000,0.000000,-0.000000,-0.000000
38.213699,0.000000,0.000000,-0.000000,-0.000000
38.335899,0.000000,0.000000,-0.000000,-0.000000
38.459801,0.000000,0.000000,-0.000000,-0.000000
38.585999,0.000000,0.000000,-0.000000,-0.000000
38.710999,0.000000,0.000000,-0.000000,-0.000000
38.837200,0.000000,0.000000,-0.000000,-0.000000
38.963299,0.000000,0.000000,-0.000000,-0.000000
39.087700,0.000000,0.000000,-0.000000,-0.000000
39.211201,0.000000,0.000000,-0.000000,-0.000000
39.332001,0.000000,0.000000,-0.000000,-0.000000
39.456501,0.000000,0.000000,-0.000000,-0.000000
39.578098,0.000000,0.000000,-0.000000,-0.000000
39.703800,0.000000,0.000000,-0.000000,-0.000000
39.830299,0.000000,0.000000,-0.000000,-0.000000
39.958698,0.000000,0.000000,-0.000000,-0.000000
40.086102,0.000000,0.000000,-0.000000,-0.000000
40.211498,0.000000,0.000000,-0.000000,-0.000000
40.338299,0.000000,0.000000,-0.000000,-0.000000
40.468201,0.000000,0.000000,-0.000000,-0.000000
40.599201,0.000000,0.000000,-0.000000,-0.000000
40.727100,0.000000,0.000000,-0.000000,-0.000000
40.848099,0.000000,0.000000,-0.000000,-0.000000
40.970699,0.000000,0.000000,-0.000000,-0.000000
41.092602,0.000000,0.000000,-0.000000,-0.000000
41.216202,0.000000,0.000000,-0.000000,-0.000000
41.332802,0.000000,0.000000,-0.000000,-0.000000
41.458801,0.000000,0.000000,-0.000000,-0.000000
41.578999,0.000000,0.000000,-0.000000,-0.000000
41.719501,0.000000,0.000000,-0.000000,-0.000000
41.838600,0.000000,0.000000,-0.000000,-0.000000
41.963001,0.000000,0.000000,-0.000000,-0.000000
42.082199,0.000000,0.000000,-0.000000,-0.000000
42.205299,0.000000,0.000000,-0.000000,-0.000000
42.324001,0.000000,0.000000,-0.000000,-0.000000
42.449799,0.000000,0.000000,-0.000000,-0.000000
42.574799,0.000000,0.000000,-0.000000,-0.000000
42.704399,0.000000,0.000000,-0.000000,-0.000000
42.850700,0.000000,0.000000,-0.000000,-0.000000
42.999401,0.000000,0.000000,-0.000000,-0.000000
43.136700,0.000000,0.000000,-0.000000,-0.000000