0.002100,0.000000,0.000000,0.000000,0.000000
0.111000,0.000000,0.000000,0.000000,0.000000
0.158000,0.000000,0.000000,0.000000,0.000000
0.251900,0.000000,0.000000,0.000000,0.000000
0.292000,0.000000,0.000000,0.000000,0.000000
0.907700,0.000000,0.000000,0.000000,0.000000
1.056100,0.000000,0.000000,0.000000,0.000000
1.223800,0.000000,0.000000,-0.000000,-0.000000
1.377800,0.000000,0.000000,-0.000000,-0.000000
1.524700,0.000000,0.000000,-0.000000,-0.000000
1.669500,0.000000,0.000000,-0.000000,-0.000000
1.818300,0.000000,0.000000,-0.000000,-0.000000
1.971500,0.000000,0.000000,-0.000000,-0.000000
2.123600,0.000000,0.000000,-0.000000,-0.000000
2.265500,0.000000,0.000000,-0.000000,-0.000000
2.410400,0.000000,0.000000,-0.000000,-0.000000
2.542300,0.000000,0.000000,-0.000000,-0.000000
2.692800,0.000000,0.000000,-0.000000,-0.000000
2.832400,0.000000,0.000000,-0.000000,-0.000000
2.979900,0.000000,0.000000,-0.000000,-0.000000
3.119400,50.000000,50.000000,-0.000000,-0.000000
3.259800,50.000000,50.000000,-0.000000,-0.000000
3.393400,50.000000,50.000000,0.025249,0.028405
3.533400,50.000000,50.000000,0.129399,0.119931
3.666100,50.000000,50.000000,0.069433,0.078902
3.803900,50.000000,50.000000,0.123087,0.129399
3.937400,50.000000,50.000000,0.173584,0.170428
4.085400,50.000000,50.000000,0.186208,0.186208
4.233300,50.000000,50.000000,0.224081,0.224081
4.388600,50.000000,50.000000,0.236705,0.230393
4.531100,50.000000,50.000000,0.258798,0.261954
4.689000,50.000000,50.000000,0.268266,0.274578
4.838000,50.000000,50.000000,0.290358,0.293514
4.994400,50.000000,50.000000,0.302982,0.302982
5.137000,50.000000,50.000000,0.315607,0.321919
5.301900,50.000000,50.000000,0.325075,0.328231
5.455700,50.000000,50.000000,0.340855,0.340855
5.620200,50.000000,50.000000,0.344011,0.353480
5.776100,50.000000,50.000000,0.356636,0.356636
5.940300,50.000000,50.000000,0.362948,0.366104
6.096000,50.000000,50.000000,0.369260,0.375572
6.263400,50.000000,50.000000,0.375572,0.375572
6.415300,50.000000,50.000000,0.385040,0.388196
6.576800,50.000000,50.000000,0.381884,0.388196
6.724200,50.000000,50.000000,0.394508,0.394508
6.884300,50.000000,50.000000,0.394508,0.400821
7.028300,50.000000,50.000000,0.400821,0.403977
7.193000,50.000000,50.000000,0.400821,0.407133
7.334800,50.000000,50.000000,0.407133,0.410289
7.486000,50.000000,50.000000,0.410289,0.413445
7.643200,50.000000,50.000000,0.410289,0.413445
7.802200,50.000000,50.000000,0.426069,0.416601
7.960800,50.000000,50.000000,0.419757,0.422913
8.125000,50.000000,50.000000,0.419757,0.426069
8.275500,50.000000,50.000000,0.426069,0.422913
8.437000,50.000000,50.000000,0.419757,0.429225
8.592600,50.000000,50.000000,0.426069,0.429225
8.744800,50.000000,50.000000,0.426069,0.429225
8.909500,50.000000,50.000000,0.426069,0.426069
9.067500,50.000000,50.000000,0.432381,0.429225
9.207300,50.000000,50.000000,0.426069,0.429225
9.340200,50.000000,50.000000,0.429225,0.426069
9.488600,50.000000,50.000000,0.429225,0.426069
9.641800,50.000000,50.000000,0.429225,0.429225
9.794400,50.000000,50.000000,0.429225,0.429225
9.942000,50.000000,50.000000,0.429225,0.432381
10.100200,50.000000,50.000000,0.435537,0.429225
10.254700,50.000000,50.000000,0.432381,0.429225
10.414800,50.000000,50.000000,0.432381,0.432381
10.567800,50.000000,50.000000,0.432381,0.435537
10.718000,50.000000,50.000000,0.432381,0.432381
10.856400,50.000000,50.000000,0.432381,0.432381
10.998400,50.000000,50.000000,0.438693,0.435537
11.131300,50.000000,50.000000,0.438693,0.438693
11.265900,50.000000,50.000000,0.441849,0.438693
11.395600,50.000000,50.000000,0.448162,0.441849
11.527700,50.000000,50.000000,0.441849,0.445006
11.657900,50.000000,50.000000,0.451318,0.445006
11.789100,50.000000,50.000000,0.448162,0.448162
11.923700,50.000000,50.000000,0.451318,0.448162
12.052500,50.000000,50.000000,0.454474,0.448162
12.184000,50.000000,50.000000,0.448162,0.438693
12.311800,50.000000,50.000000,0.445006,0.445006
12.440200,50.000000,50.000000,0.445006,0.441849
12.568200,50.000000,50.000000,0.448162,0.441849
12.712100,50.000000,50.000000,0.445006,0.445006
12.845900,50.000000,50.000000,0.445006,0.445006
12.983800,50.000000,50.000000,0.451318,0.448162
13.115600,50.000000,50.000000,0.451318,0.441849
13.246400,50.000000,50.000000,0.451318,0.445006
13.380300,50.000000,50.000000,0.448162,0.448162
13.517000,50.000000,50.000000,0.451318,0.445006
13.646600,50.000000,50.000000,0.451318,0.451318
13.780400,50.000000,50.000000,0.451318,0.448162
13.913200,50.000000,50.000000,0.454474,0.451318
14.056800,50.000000,50.000000,0.454474,0.448162
14.196800,50.000000,50.000000,0.451318,0.451318
14.332600,50.000000,50.000000,0.454474,0.451318
14.466600,50.000000,50.000000,0.451318,0.454474
14.603900,50.000000,50.000000,0.454474,0.454474
14.742400,50.000000,50.000000,0.460786,0.457630
14.904000,50.000000,50.000000,0.454474,0.460786
15.054800,50.000000,50.000000,0.457630,0.460786
15.204900,50.000000,50.000000,0.454474,0.460786
15.353800,50.000000,50.000000,0.454474,0.460786
15.507300,50.000000,50.000000,0.460786,0.457630
15.656800,50.000000,50.000000,0.457630,0.460786
15.806800,50.000000,50.000000,0.460786,0.457630
15.950800,50.000000,50.000000,0.460786,0.460786
16.096100,50.000000,50.000000,0.454474,0.457630
16.252199,50.000000,50.000000,0.463942,0.463942
16.406401,50.000000,50.000000,0.460786,0.463942
16.559000,50.000000,50.000000,0.467098,0.467098
16.693800,50.000000,50.000000,0.463942,0.470254
16.832199,50.000000,50.000000,0.470254,0.470254
16.968201,50.000000,50.000000,0.473410,0.467098
17.104000,50.000000,50.000000,0.467098,0.467098
17.238001,50.000000,50.000000,0.473410,0.470254
17.371599,50.000000,50.000000,0.467098,0.467098
17.508499,50.000000,50.000000,0.476566,0.467098
17.641199,50.000000,50.000000,0.470254,0.473410
17.777500,50.000000,50.000000,0.473410,0.470254
17.903900,50.000000,50.000000,0.476566,0.470254
18.030701,0.000000,0.000000,0.473410,0.473410
18.161900,0.000000,0.000000,0.473410,0.467098
18.293100,0.000000,0.000000,0.457630,0.467098
18.425200,0.000000,0.000000,0.356636,0.369260
18.561300,0.000000,0.000000,0.435537,0.435537
18.689600,0.000000,0.000000,0.366104,0.375572
18.817900,0.000000,0.000000,0.344011,0.347167
18.944901,0.000000,0.000000,0.318763,0.331387
19.076900,0.000000,0.000000,0.293514,0.293514
19.204300,0.000000,0.000000,0.261954,0.271422
19.335199,0.000000,0.000000,0.239861,0.249329
19.466200,0.000000,0.000000,0.214613,0.220925
19.596701,0.000000,0.000000,0.195676,0.201988
19.727699,0.000000,0.000000,0.179896,0.183052
19.860300,0.000000,0.000000,0.157803,0.157803
19.988400,0.000000,0.000000,0.138867,0.142023
20.124201,0.000000,0.000000,0.123087,0.123087
20.258400,0.000000,0.000000,0.104150,0.110462
20.406099,0.000000,0.000000,0.091526,0.091526
20.543400,0.000000,0.000000,0.075746,0.075746
20.673800,0.000000,0.000000,0.059965,0.063121
20.810499,0.000000,0.000000,0.050497,0.053653
20.939400,0.000000,0.000000,0.037873,0.037873
21.075399,0.000000,0.000000,0.034717,0.028405
21.211500,0.000000,0.000000,0.012624,0.022092
21.343100,0.000000,0.000000,0.015780,0.009468
21.475901,0.000000,0.000000,0.009468,0.006312
21.613300,0.000000,0.000000,-0.000000,-0.000000
21.747601,0.000000,0.000000,-0.000000,-0.000000
21.879000,0.000000,0.000000,-0.000000,-0.000000
22.005899,0.000000,0.000000,-0.000000,-0.000000
22.139999,0.000000,0.000000,-0.000000,-0.000000
22.288601,0.000000,0.000000,-0.000000,-0.000000
22.427500,0.000000,0.000000,-0.000000,-0.000000
22.576900,0.000000,0.000000,-0.000000,-0.000000
22.712500,0.000000,0.000000,-0.000000,-0.000000
22.845301,0.000000,0.000000,-0.000000,-0.000000
22.983000,0.000000,0.000000,-0.000000,-0.000000
23.116800,0.000000,0.000000,-0.000000,-0.000000