[ INFO] [1541427377.879403758]: 0.050000, 0.000000, 0.000000, 0.000000, 0.000000, 0.000000, 0.000000, 0.000000, 0.000000, 0.000000, 0.000000
[ INFO] [1541427377.879681039]: 0.100000, 0.000000, 0.000000, 0.000000, 0.000000, 0.000000, 0.000000, 0.000000, 0.000000, 0.000000, 0.000000
[ INFO] [1541427377.901962483]: 0.150000, 0.000000, 0.000000, 0.000000, 0.000000, 0.000000, 0.000000, 0.000000, 0.000000, 0.000000, 0.000000
[ INFO] [1541427377.952021048]: 0.200000, 0.000000, 0.000000, 0.000000, 0.000000, 0.000000, 0.000000, 0.000000, 0.000000, 0.000000, 0.000000
[ INFO] [1541427378.002003939]: 0.250000, 0.000000, 0.000000, 0.000000, 0.000000, 0.000000, 0.000000, 0.000000, 0.000000, 0.000000, 0.000000
[ INFO] [1541427378.052024905]: 0.300000, 0.000000, 0.000000, 0.000000, 0.000000, 0.000000, 0.000000, 0.000000, 0.000000, 0.000000, 0.000000
[ INFO] [1541427378.102079568]: 0.350000, 0.000000, 0.000000, -0.000000, -0.000000, 0.000000, -0.000000, 0.000000, 0.000000, 0.000000, 0.000000
[ INFO] [1541427378.152077045]: 0.400000, 0.000000, 0.000000, -0.000000, -0.000000, 0.000000, -0.000000, 0.000000, 0.000000, 0.000000, 0.000000
[ INFO] [1541427378.202065095]: 0.450000, 0.000000, 0.000000, -0.000000, -0.000000, 0.000000, -0.000000, 0.000000, 0.000000, 0.000000, 0.000000
[ INFO] [1541427378.252059135]: 0.500000, 0.000000, 0.000000, -0.000000, -0.000000, 0.000000, -0.000000, 0.000000, 0.000000, 0.000000, 0.000000
[ INFO] [1541427378.302075206]: 0.550000, 0.000000, 0.000000, -0.000000, -0.000000, 0.000000, -0.000000, 0.000000, 0.000000, 0.000000, 0.000000
[ INFO] [1541427378.352073099]: 0.600000, 0.000000, 0.000000, -0.000000, -0.000000, 0.000000, -0.000000, 0.000000, 0.000000, 0.000000, 0.000000
[ INFO] [1541427378.402057140]: 0.650000, 0.000000, 0.000000, -0.000000, -0.000000, 0.000000, -0.000000, 0.000000, 0.000000, 0.000000, 0.000000
[ INFO] [1541427378.452072377]: 0.700000, 0.000000, 0.000000, -0.000000, -0.000000, 0.000000, -0.000000, 0.000000, 0.000000, 0.000000, 0.000000
[ INFO] [1541427378.502070843]: 0.750000, 0.000000, 0.000000, -0.000000, -0.000000, 0.000000, -0.000000, 0.000000, 0.000000, 0.000000, 0.000000
[ INFO] [1541427378.552081549]: 0.800000, 0.000000, 0.000000, -0.000000, -0.000000, 0.000000, -0.000000, 0.000000, 0.000000, 0.000000, 0.000000
[ INFO] [1541427378.602047674]: 0.850000, 0.000000, 0.000000, -0.000000, -0.000000, 0.000000, -0.000000, 0.000000, 0.000000, 0.000000, 0.000000
[ INFO] [1541427378.652059838]: 0.900000, 0.000000, 0.000000, -0.000000, -0.000000, 0.000000, -0.000000, 0.000000, 0.000000, 0.000000, 0.000000
[ INFO] [1541427378.702072054]: 0.950000, 0.000000, 0.000000, -0.000000, -0.000000, 0.000000, -0.000000, 0.000000, 0.000000, 0.000000, 0.000000
[ INFO] [1541427378.752073854]: 1.000000, 0.000000, 0.000000, -0.000000, -0.000000, 0.000000, -0.000000, 0.000000, 0.000000, 0.000000, 0.000000
[ INFO] [1541427378.802075862]: 1.050000, 0.000000, 0.000000, -0.000000, -0.000000, 0.000000, -0.000000, 0.000000, 0.000000, 0.000000, 0.000000
[ INFO] [1541427378.852210313]: 1.100000, 0.000000, 0.000000, -0.000000, -0.000000, 0.000000, -0.000000, 0.000000, 0.000000, 0.000000, 0.000000
[ INFO] [1541427378.902144668]: 1.150000, 0.000000, 0.000000, -0.000000, -0.000000, 0.000000, -0.000000, 0.000000, 0.000000, 0.000000, 0.000000
[ INFO] [1541427378.952138656]: 1.200000, 0.000000, 0.000000, -0.000000, -0.000000, 0.000000, -0.000000, 0.000000, 0.000000, 0.000000, 0.000000
[ INFO] [1541427379.002094103]: 1.250000, 0.000000, 0.000000, -0.000000, -0.000000, 0.000000, -0.000000, 0.000000, 0.000000, 0.000000, 0.000000
[ INFO] [1541427379.052108147]: 1.300000, 0.000000, 0.000000, -0.000000, -0.000000, 0.000000, -0.000000, 0.000000, 0.000000, 0.000000, 0.000000
[ INFO] [1541427379.102124793]: 1.350000, 0.000000, 0.000000, -0.000000, -0.000000, 0.000000, -0.000000, 0.000000, 0.000000, 0.000000, 0.000000
[ INFO] [1541427379.152127743]: 1.400000, 0.000000, 0.000000, -0.000000, -0.000000, 0.000000, -0.000000, 0.000000, 0.000000, 0.000000, 0.000000
[ INFO] [1541427379.202098089]: 1.450000, 0.000000, 0.000000, -0.000000, -0.000000, 0.000000, -0.000000, 0.000000, 0.000000, 0.000000, 0.000000
[ INFO] [1541427379.252108382]: 1.500000, 0.000000, 0.000000, -0.000000, -0.000000, 0.000000, -0.000000, 0.000000, 0.000000, 0.000000, 0.000000
[ INFO] [1541427379.302074354]: 1.550000, 0.000000, 0.000000, -0.000000, -0.000000, 0.000000, -0.000000, 0.000000, 0.000000, 0.000000, 0.000000
[ INFO] [1541427379.352060638]: 1.600000, 0.000000, 0.000000, -0.000000, -0.000000, 0.000000, -0.000000, 0.000000, 0.000000, 0.000000, 0.000000
[ INFO] [1541427379.402060306]: 1.650000, 0.000000, 0.000000, -0.000000, -0.000000, 0.000000, -0.000000, 0.000000, 0.000000, 0.000000, 0.000000
[ INFO] [1541427379.452021486]: 1.700000, 0.000000, 0.000000, -0.000000, -0.000000, 0.000000, -0.000000, 0.000000, 0.000000, 0.000000, 0.000000
[ INFO] [1541427379.502065632]: 1.750000, 0.000000, 0.000000, -0.000000, -0.000000, 0.000000, -0.000000, 0.000000, 0.000000, 0.000000, 0.000000
[ INFO] [1541427379.552073269]: 1.800000, 0.000000, 0.000000, -0.000000, -0.000000, 0.000000, -0.000000, 0.000000, 0.000000, 0.000000, 0.000000
[ INFO] [1541427379.602000857]: 1.850000, 0.000000, 0.000000, -0.000000, -0.000000, 0.000000, -0.000000, 0.000000, 0.000000, 0.000000, 0.000000
[ INFO] [1541427379.651975682]: 1.900000, 0.000000, 0.000000, -0.000000, -0.000000, 0.000000, -0.000000, 0.000000, 0.000000, 0.000000, 0.000000
[ INFO] [1541427379.702057691]: 1.950000, 0.000000, 0.000000, -0.000000, -0.000000, 0.000000, -0.000000, 0.000000, 0.000000, 0.000000, 0.000000
[ INFO] [1541427379.752067828]: 2.000000, 0.000000, 0.000000, -0.000000, -0.000000, 0.000000, -0.000000, 0.000000, 0.000000, 0.000000, 0.000000
[ INFO] [1541427379.802051039]: 2.050000, 0.000000, 0.000000, -0.000000, -0.000000, 0.000000, -0.000000, 0.000000, 0.000000, 0.000000, 0.000000
[ INFO] [1541427379.852074456]: 2.100000, 0.000000, 0.000000, -0.000000, -0.000000, 0.000000, -0.000000, 0.000000, 0.000000, 0.000000, 0.000000
[ INFO] [1541427379.902075531]: 2.150000, 0.000000, 0.000000, -0.000000, -0.000000, 0.000000, -0.000000, 0.000000, 0.000000, 0.000000, 0.000000
[ INFO] [1541427379.952061658]: 2.200000, 0.000000, 0.000000, -0.000000, -0.000000, 0.000000, -0.000000, 0.000000, 0.000000, 0.000000, 0.000000
[ INFO] [1541427380.002049556]: 2.250000, 0.000000, 0.000000, -0.000000, -0.000000, 0.000000, -0.000000, 0.000000, 0.000000, 0.000000, 0.000000
[ INFO] [1541427380.052061467]: 2.300000, 0.000000, 0.000000, -0.000000, -0.000000, 0.000000, -0.000000, 0.000000, 0.000000, 0.000000, 0.000000
[ INFO] [1541427380.102089107]: 2.350000, 0.000000, 0.000000, -0.000000, -0.000000, 0.000000, -0.000000, 0.000000, 0.000000, 0.000000, 0.000000
[ INFO] [1541427380.152063103]: 2.400000, 0.000000, 0.000000, -0.000000, -0.000000, 0.000000, -0.000000, 0.000000, 0.000000, 0.000000, 0.000000
[ INFO] [1541427380.202069285]: 2.450000, 0.000000, 0.000000, -0.000000, -0.000000, 0.000000, -0.000000, 0.000000, 0.000000, 0.000000, 0.000000
[ INFO] [1541427380.252062395]: 2.500000, 0.000000, 0.000000, -0.000000, -0.000000, 0.000000, -0.000000, 0.000000, 0.000000, 0.000000, 0.000000
[ INFO] [1541427380.302076233]: 2.550000, 0.000000, 0.000000, -0.000000, -0.000000, 0.000000, -0.000000, 0.000000, 0.000000, 0.000000, 0.000000
[ INFO] [1541427380.352074915]: 2.600000, 0.000000, 0.000000, -0.000000, -0.000000, 0.000000, -0.000000, 0.000000, 0.000000, 0.000000, 0.000000
[ INFO] [1541427380.402045109]: 2.650000, 0.000000, 0.000000, -0.000000, -0.000000, 0.000000, -0.000000, 0.000000, 0.000000, 0.000000, 0.000000
[ INFO] [1541427380.452063114]: 2.700000, 0.000000, 0.000000, -0.000000, -0.000000, 0.000000, -0.000000, 0.000000, 0.000000, 0.000000, 0.000000
[ INFO] [1541427380.502124867]: 2.750000, 0.000000, 0.000000, -0.000000, -0.000000, 0.000000, -0.000000, 0.000000, 0.000000, 0.000000, 0.000000
[ INFO] [1541427380.552117560]: 2.800000, 0.000000, 0.000000, -0.000000, -0.000000, 0.000000, -0.000000, 0.000000, 0.000000, 0.000000, 0.000000
[ INFO] [1541427380.602154991]: 2.850000, 0.000000, 0.000000, -0.000000, -0.000000, 0.000000, -0.000000, 0.000000, 0.000000, 0.000000, 0.000000
[ INFO] [1541427380.652067635]: 2.900000, 0.000000, 0.000000, -0.000000, -0.000000, 0.000000, -0.000000, 0.000000, 0.000000, 0.000000, 0.000000
[ INFO] [1541427380.702086890]: 2.950000, 0.000000, 0.000000, -0.000000, -0.000000, 0.000000, -0.000000, 0.000000, 0.000000, 0.000000, 0.000000
[ INFO] [1541427380.752178381]: 3.000000, 0.000000, 0.000000, -0.000000, -0.000000, 0.000000, -0.000000, 0.000000, 0.000000, 0.000000, 0.000000
[ INFO] [1541427380.802082067]: 3.050000, 0.000000, 0.000000, -0.000000, -0.000000, 0.000000, -0.000000, 0.000000, 0.000000, 0.000000, 0.000000
[ INFO] [1541427380.852075125]: 3.100000, 0.000000, 0.000000, -0.000000, -0.000000, 0.000000, -0.000000, 0.000000, 0.000000, 0.000000, 0.000000
[ INFO] [1541427380.902112504]: 3.150000, 0.000000, 0.000000, -0.000000, -0.000000, 0.000000, -0.000000, 0.000000, 0.000000, 0.000000, 0.000000
[ INFO] [1541427380.952069782]: 3.200000, 0.000000, 0.000000, -0.000000, -0.000000, 0.000000, -0.000000, 0.000000, 0.000000, 0.000000, 0.000000
[ INFO] [1541427381.002096172]: 3.250000, 0.000000, 0.000000, -0.000000, -0.000000, 0.000000, -0.000000, 0.000000, 0.000000, 0.000000, 0.000000
[ INFO] [1541427381.052076108]: 3.300000, 0.000000, 0.000000, -0.000000, -0.000000, 0.000000, -0.000000, 0.000000, 0.000000, 0.000000, 0.000000
[ INFO] [1541427381.102105991]: 3.350000, 0.000000, 0.000000, -0.000000, -0.000000, 0.000000, -0.000000, 0.000000, 0.000000, 0.000000, 0.000000
[ INFO] [1541427381.152095042]: 3.400000, 0.000000, 0.000000, -0.000000, -0.000000, 0.000000, -0.000000, 0.000000, 0.000000, 0.000000, 0.000000
[ INFO] [1541427381.202058626]: 3.450000, 0.000000, 0.000000, -0.000000, -0.000000, 0.000000, -0.000000, 0.000000, 0.000000, 0.000000, 0.000000
[ INFO] [1541427381.252050958]: 3.500000, 0.000000, 0.000000, -0.000000, -0.000000, 0.000000, -0.000000, 0.000000, 0.000000, 0.000000, 0.000000
[ INFO] [1541427381.302069591]: 3.550000, 0.000000, 0.000000, -0.000000, -0.000000, 0.000000, -0.000000, 0.000000, 0.000000, 0.000000, 0.000000
[ INFO] [1541427381.352071610]: 3.600000, 0.000000, 0.000000, -0.000000, -0.000000, 0.000000, -0.000000, 0.000000, 0.000000, 0.000000, 0.000000
[ INFO] [1541427381.402044047]: 3.650000, 0.000000, 0.000000, -0.000000, -0.000000, 0.000000, -0.000000, 0.000000, 0.000000, 0.000000, 0.000000
[ INFO] [1541427381.452064868]: 3.700000, 0.000000, 0.000000, -0.000000, -0.000000, 0.000000, -0.000000, 0.000000, 0.000000, 0.000000, 0.000000
[ INFO] [1541427381.502062877]: 3.750000, 0.000000, 0.000000, -0.000000, -0.000000, 0.000000, -0.000000, 0.000000, 0.000000, 0.000000, 0.000000
[ INFO] [1541427381.552069688]: 3.800000, 0.000000, 0.000000, -0.000000, -0.000000, 0.000000, -0.000000, 0.000000, 0.000000, 0.000000, 0.000000
[ INFO] [1541427381.602048895]: 3.850000, 0.000000, 1.000000, -0.000000, -0.000000, 0.000000, -0.000000, 4.071517, 4.071517, 0.423675, 0.423675
[ INFO] [1541427381.652058935]: 3.900000, 0.000000, 1.000000, -0.000000, -0.000000, 0.000000, -0.000000, 7.532306, 7.532306, 0.423675, 0.423675
[ INFO] [1541427381.702076579]: 3.950000, 0.000000, 1.000000, -0.000000, -0.000000, 0.000000, -0.000000, 10.473977, 10.473977, 0.423675, 0.423675
[ INFO] [1541427381.752105316]: 4.000000, 0.000000, 1.000000, -0.000000, -0.000000, 0.000000, -0.000000, 12.974397, 12.974397, 0.423675, 0.423675
[ INFO] [1541427381.802086711]: 4.050000, 0.000000, 1.000000, -0.000000, -0.000000, 0.000000, -0.000000, 15.099754, 15.099754, 0.423675, 0.423675
[ INFO] [1541427381.852082324]: 4.100000, 0.000000, 1.000000, -0.000000, -0.000000, 0.000000, -0.000000, 16.906308, 16.906308, 0.423675, 0.423675
[ INFO] [1541427381.902099968]: 4.150000, 0.000000, 1.000000, -0.000000, -0.000000, 0.000000, -0.000000, 18.441878, 18.441878, 0.423675, 0.423675
[ INFO] [1541427381.952085634]: 4.200000, 0.000000, 1.000000, -0.000000, -0.000000, 0.000000, -0.000000, 19.747113, 19.747113, 0.423675, 0.423675
[ INFO] [1541427382.002062185]: 4.250000, 0.000000, 1.000000, -0.000000, -0.000000, 0.000000, -0.000000, 20.856563, 20.856563, 0.423675, 0.423675
[ INFO] [1541427382.052078791]: 4.300000, 0.000000, 1.000000, -0.000000, -0.000000, 0.000000, -0.000000, 21.799595, 21.799595, 0.423675, 0.423675
[ INFO] [1541427382.102075033]: 4.350000, 0.000000, 1.000000, -0.000000, -0.000000, 0.000000, -0.000000, 22.601173, 22.601173, 0.423675, 0.423675
[ INFO] [1541427382.152083983]: 4.400000, 0.000000, 1.000000, -0.000000, -0.000000, 0.000000, -0.000000, 23.282514, 23.282514, 0.423675, 0.423675
[ INFO] [1541427382.202059340]: 4.450000, 0.000000, 1.000000, 0.012624, 0.015780, 0.011074, 0.014202, 24.026401, 24.026401, 0.425777, 0.409511
[ INFO] [1541427382.252072196]: 4.500000, 0.000000, 1.000000, 0.012624, 0.022092, 0.033222, 0.017358, 24.800671, 24.800671, 0.440550, 0.391839
[ INFO] [1541427382.302086354]: 4.550000, 0.000000, 1.000000, 0.031561, 0.041029, 0.033222, 0.036295, 25.595987, 25.595987, 0.432263, 0.384080
[ INFO] [1541427382.352080356]: 4.600000, 0.000000, 1.000000, 0.041029, 0.053653, 0.044296, 0.047341, 26.409696, 26.409696, 0.435310, 0.371476
[ INFO] [1541427382.402060921]: 4.650000, 0.000000, 1.000000, 0.056809, 0.069433, 0.044296, 0.063121, 27.214966, 27.214966, 0.428331, 0.365084
[ INFO] [1541427382.452081329]: 4.700000, 0.000000, 1.000000, 0.063121, 0.078902, 0.055370, 0.071012, 28.012594, 28.012594, 0.432584, 0.353892
[ INFO] [1541427382.502079289]: 4.750000, 0.000000, 1.000000, 0.072590, 0.091526, 0.066444, 0.082058, 28.825192, 28.825192, 0.435311, 0.341496
[ INFO] [1541427382.552080739]: 4.800000, 0.000000, 1.000000, 0.085214, 0.097838, 0.044296, 0.091526, 29.472649, 29.472649, 0.415769, 0.353577
[ INFO] [1541427382.602065159]: 4.850000, 0.000000, 1.000000, 0.088370, 0.107306, 0.066444, 0.097838, 30.178447, 30.178447, 0.428185, 0.335250
[ INFO] [1541427382.652068223]: 4.900000, 0.000000, 1.000000, 0.100994, 0.110462, 0.033222, 0.105728, 30.670111, 30.670111, 0.401878, 0.355630
[ INFO] [1541427382.702080090]: 4.950000, 0.000000, 1.000000, 0.104150, 0.126243, 0.077517, 0.115196, 31.373545, 31.373545, 0.427828, 0.320533
[ INFO] [1541427382.752092425]: 5.000000, 0.000000, 1.000000, 0.107306, 0.132555, 0.088591, 0.119931, 32.058261, 32.058261, 0.433100, 0.310828
[ INFO] [1541427382.802090385]: 5.050000, 0.000000, 1.000000, 0.116774, 0.145179, 0.099665, 0.130977, 32.770411, 32.770411, 0.435361, 0.298729
[ INFO] [1541427382.852082565]: 5.100000, 0.000000, 1.000000, 0.123087, 0.151491, 0.099665, 0.137289, 33.419776, 33.419776, 0.432423, 0.296319
[ INFO] [1541427382.902077400]: 5.150000, 0.000000, 1.000000, 0.129399, 0.160959, 0.110739, 0.145179, 34.078461, 34.078461, 0.436008, 0.285514
[ INFO] [1541427382.952079371]: 5.200000, 0.000000, 1.000000, 0.135711, 0.167272, 0.110739, 0.151491, 34.682099, 34.682099, 0.433040, 0.283133
[ INFO] [1541427383.002082227]: 5.250000, 0.000000, 1.000000, 0.148335, 0.170428, 0.077517, 0.159381, 35.095945, 35.095945, 0.407672, 0.303249
[ INFO] [1541427383.052069046]: 5.300000, 0.000000, 1.000000, 0.148335, 0.173584, 0.088591, 0.160959, 35.510379, 35.510379, 0.414192, 0.294970
[ INFO] [1541427383.102090811]: 5.350000, 0.000000, 1.000000, 0.160959, 0.176740, 0.055370, 0.168850, 35.763752, 35.763752, 0.388860, 0.314713
[ INFO] [1541427383.152080130]: 5.400000, 0.000000, 1.000000, 0.157803, 0.179896, 0.077517, 0.168850, 36.082253, 36.082253, 0.403352, 0.299546
[ INFO] [1541427383.202074761]: 5.450000, 0.000000, 1.000000, 0.164116, 0.192520, 0.099665, 0.178318, 36.521087, 36.521087, 0.413325, 0.280651
[ INFO] [1541427383.252088245]: 5.500000, 0.000000, 1.000000, 0.160959, 0.201988, 0.143961, 0.181474, 37.114725, 37.114725, 0.440043, 0.248785
[ INFO] [1541427383.302087564]: 5.550000, 0.000000, 1.000000, 0.160959, 0.217769, 0.199331, 0.189364, 37.913378, 37.913378, 0.470643, 0.207143
[ INFO] [1541427383.352082768]: 5.600000, 0.000000, 1.000000, 0.160959, 0.227237, 0.232552, 0.194098, 38.763739, 38.763739, 0.488489, 0.181996
[ INFO] [1541427383.402107554]: 5.650000, 0.000000, 1.000000, 0.164116, 0.236705, 0.254700, 0.200410, 39.618872, 39.618872, 0.498499, 0.164165
[ INFO] [1541427383.452079998]: 5.700000, 0.000000, 1.000000, 0.170428, 0.236705, 0.232552, 0.203566, 40.274393, 40.274393, 0.483554, 0.178909
[ INFO] [1541427383.502089472]: 5.750000, 0.000000, 1.000000, 0.179896, 0.239861, 0.210405, 0.209878, 40.780335, 40.780335, 0.466940, 0.192423
[ INFO] [1541427383.552079468]: 5.800000, 0.000000, 1.000000, 0.183052, 0.243017, 0.210405, 0.213035, 41.230996, 41.230996, 0.465324, 0.191364
[ INFO] [1541427383.602067797]: 5.850000, 0.000000, 1.000000, 0.192520, 0.243017, 0.177183, 0.217769, 41.506143, 41.506143, 0.442814, 0.212814
[ INFO] [1541427383.652075032]: 5.900000, 0.000000, 1.000000, 0.192520, 0.246173, 0.188257, 0.219347, 41.797011, 41.797011, 0.448744, 0.204619
[ INFO] [1541427383.702078308]: 5.950000, 0.000000, 1.000000, 0.195676, 0.243017, 0.166109, 0.219347, 41.951026, 41.951026, 0.435284, 0.219879
[ INFO] [1541427383.752087209]: 6.000000, 0.000000, 1.000000, 0.201988, 0.246173, 0.155035, 0.224081, 42.066895, 42.066895, 0.426197, 0.225769
[ INFO] [1541427383.802087934]: 6.050000, 0.000000, 1.000000, 0.205144, 0.236705, 0.110739, 0.220925, 41.953584, 41.953584, 0.400398, 0.256941
[ INFO] [1541427383.852089335]: 6.100000, 0.000000, 1.000000, 0.211457, 0.239861, 0.099665, 0.225659, 41.842003, 41.842003, 0.391288, 0.262573
[ INFO] [1541427383.902094591]: 6.150000, 0.000000, 1.000000, 0.220925, 0.230393, 0.033222, 0.225659, 41.452977, 41.452977, 0.349395, 0.306490
[ INFO] [1541427383.952080732]: 6.200000, 0.000000, 1.000000, 0.233549, 0.227237, -0.022148, 0.230393, 40.905078, 40.905078, 0.311749, 0.340265
[ INFO] [1541427384.002073072]: 6.250000, 0.000000, 1.000000, 0.239861, 0.214613, -0.088591, 0.227237, 40.104208, 40.104208, 0.269353, 0.383649
[ INFO] [1541427384.052100726]: 6.300000, 0.000000, 1.000000, 0.252485, 0.211457, -0.143961, 0.231971, 39.194064, 39.194064, 0.230440, 0.415599
[ INFO] [1541427384.102079319]: 6.350000, 0.000000, 1.000000, 0.258798, 0.217769, -0.143961, 0.238283, 38.470678, 38.470678, 0.228147, 0.412544
[ INFO] [1541427384.152082912]: 6.400000, 0.000000, 1.000000, 0.271422, 0.208300, -0.221478, 0.239861, 37.487043, 37.487043, 0.174733, 0.458127
[ INFO] [1541427384.202068640]: 6.450000, 0.000000, 1.000000, 0.277734, 0.220925, -0.199331, 0.249329, 36.838721, 36.838721, 0.186751, 0.440223
[ INFO] [1541427384.252081764]: 6.500000, 0.000000, 1.000000, 0.274578, 0.224081, -0.177183, 0.249329, 36.396020, 36.396020, 0.201789, 0.427097
[ INFO] [1541427384.302096710]: 6.550000, 0.000000, 1.000000, 0.290358, 0.230393, -0.210405, 0.260376, 35.947634, 35.947634, 0.175486, 0.441089
[ INFO] [1541427384.352111760]: 6.600000, 0.000000, 1.000000, 0.287202, 0.239861, -0.166109, 0.263532, 35.806679, 35.806679, 0.204238, 0.413485
[ INFO] [1541427384.402072282]: 6.650000, 0.000000, 1.000000, 0.296670, 0.243017, -0.188257, 0.269844, 35.631667, 35.631667, 0.187213, 0.423362
[ INFO] [1541427384.452075822]: 6.700000, 0.000000, 1.000000, 0.293514, 0.252485, -0.143961, 0.273000, 35.718946, 35.718946, 0.215535, 0.395739
[ INFO] [1541427384.502079571]: 6.750000, 0.000000, 1.000000, 0.296670, 0.255641, -0.143961, 0.276156, 35.818252, 35.818252, 0.214388, 0.394211
[ INFO] [1541427384.552102173]: 6.800000, 0.000000, 1.000000, 0.299826, 0.265110, -0.121813, 0.282468, 36.055612, 36.055612, 0.226544, 0.378056
[ INFO] [1541427384.602101755]: 6.850000, 0.000000, 1.000000, 0.302982, 0.274578, -0.099665, 0.288780, 36.408110, 36.408110, 0.238469, 0.361906
[ INFO] [1541427384.652137013]: 6.900000, 0.000000, 1.000000, 0.302982, 0.284046, -0.066443, 0.293514, 36.893509, 36.893509, 0.257801, 0.339828
[ INFO] [1541427384.702106284]: 6.950000, 0.000000, 1.000000, 0.306139, 0.293514, -0.044296, 0.299826, 37.451743, 37.451743, 0.269196, 0.323646
[ INFO] [1541427384.752196227]: 7.000000, 0.000000, 1.000000, 0.306139, 0.299826, -0.022148, 0.302982, 38.046111, 38.046111, 0.281669, 0.308836
[ INFO] [1541427384.802113938]: 7.050000, 0.000000, 1.000000, 0.315607, 0.302982, -0.044296, 0.309295, 38.503007, 38.503007, 0.265361, 0.319459
[ INFO] [1541427384.852547514]: 7.100000, 0.000000, 1.000000, 0.306139, 0.302982, -0.011074, 0.304561, 38.999003, 38.999003, 0.287842, 0.301411
[ INFO] [1541427384.902110759]: 7.150000, 0.000000, 1.000000, 0.315607, 0.302982, -0.044296, 0.309295, 39.312965, 39.312965, 0.265361, 0.319459
[ INFO] [1541427384.952145756]: 7.200000, 0.000000, 1.000000, 0.312451, 0.309295, -0.011074, 0.310873, 39.734324, 39.734324, 0.285197, 0.298707
[ INFO] [1541427385.002105288]: 7.250000, 0.000000, 1.000000, 0.309295, 0.299826, -0.033222, 0.304561, 39.950286, 39.950286, 0.274161, 0.314867
[ INFO] [1541427385.052114196]: 7.300000, 0.000000, 1.000000, 0.306139, 0.312451, 0.022148, 0.309295, 40.404679, 40.404679, 0.306103, 0.279054
[ INFO] [1541427385.102121854]: 7.350000, 0.000000, 1.000000, 0.302982, 0.302982, 0.000000, 0.302982, 40.651045, 40.651045, 0.295309, 0.295309
[ INFO] [1541427385.152136752]: 7.400000, 0.000000, 1.000000, 0.309295, 0.312451, 0.011074, 0.310873, 40.965385, 40.965385, 0.298707, 0.285197
[ INFO] [1541427385.202105089]: 7.450000, 0.000000, 1.000000, 0.299826, 0.309295, 0.033222, 0.304561, 41.279459, 41.279459, 0.314867, 0.274161
[ INFO] [1541427385.252261804]: 7.500000, 0.000000, 1.000000, 0.302982, 0.306139, 0.011074, 0.304561, 41.453245, 41.453245, 0.301411, 0.287842
[ INFO] [1541427385.302115146]: 7.550000, 0.000000, 1.000000, 0.299826, 0.309295, 0.033222, 0.304561, 41.694140, 41.694140, 0.314867, 0.274161
[ INFO] [1541427385.352616431]: 7.600000, 0.000000, 1.000000, 0.302982, 0.309295, 0.022148, 0.306139, 41.863950, 41.863950, 0.307469, 0.280362
[ INFO] [1541427385.402098589]: 7.650000, 0.000000, 1.000000, 0.296670, 0.312451, 0.055370, 0.304561, 42.135335, 42.135335, 0.328210, 0.260368
[ INFO] [1541427385.452104841]: 7.700000, 0.000000, 1.000000, 0.302982, 0.312451, 0.033222, 0.307717, 42.296781, 42.296781, 0.313486, 0.272868
[ INFO] [1541427385.502112499]: 7.750000, 0.000000, 1.000000, 0.302982, 0.318763, 0.055370, 0.310873, 42.548407, 42.548407, 0.325390, 0.257840
[ INFO] [1541427385.552129116]: 7.800000, 0.000000, 1.000000, 0.302982, 0.315607, 0.044296, 0.309295, 42.705295, 42.705295, 0.319459, 0.265361
[ INFO] [1541427385.602153180]: 7.850000, 0.000000, 1.000000, 0.302982, 0.321919, 0.066443, 0.312451, 42.952226, 42.952226, 0.331277, 0.250306
[ INFO] [1541427385.652125579]: 7.900000, 0.000000, 1.000000, 0.309295, 0.315607, 0.022148, 0.312451, 42.979333, 42.979333, 0.304737, 0.277746
[ INFO] [1541427385.702134644]: 7.950000, 0.000000, 1.000000, 0.312451, 0.325075, 0.044296, 0.318763, 43.139754, 43.139754, 0.315272, 0.261525
[ INFO] [1541427385.752119178]: 8.000000, 0.000000, 1.000000, 0.309295, 0.321919, 0.044296, 0.315607, 43.253387, 43.253387, 0.316667, 0.262804
[ INFO] [1541427385.802143815]: 8.050000, 0.000000, 1.000000, 0.315607, 0.328231, 0.044296, 0.321919, 43.395423, 43.395423, 0.313876, 0.260246
[ INFO] [1541427385.852125172]: 8.100000, 0.000000, 1.000000, 0.321919, 0.334543, 0.044296, 0.328231, 43.561600, 43.561600, 0.311084, 0.257689
[ INFO] [1541427385.902096946]: 8.150000, 0.000000, 1.000000, 0.318763, 0.328231, 0.033222, 0.323497, 43.623428, 43.623428, 0.306580, 0.266402
[ INFO] [1541427385.952089137]: 8.200000, 0.000000, 1.000000, 0.321919, 0.337699, 0.055370, 0.329809, 43.811552, 43.811552, 0.316927, 0.250257
[ INFO] [1541427386.002078619]: 8.250000, 0.000000, 1.000000, 0.325075, 0.331387, 0.022148, 0.328231, 43.824786, 43.824786, 0.297904, 0.271207
[ INFO] [1541427386.052095082]: 8.300000, 0.000000, 1.000000, 0.331387, 0.340855, 0.033222, 0.336121, 43.938593, 43.938593, 0.301055, 0.261229
[ INFO] [1541427386.102101650]: 8.350000, 0.000000, 1.000000, 0.331387, 0.340855, 0.033222, 0.336121, 44.035329, 44.035329, 0.301055, 0.261229
[ INFO] [1541427386.152101448]: 8.400000, 0.000000, 1.000000, 0.331387, 0.340855, 0.033222, 0.336121, 44.117554, 44.117554, 0.301055, 0.261229
[ INFO] [1541427386.202077340]: 8.450000, 0.000000, 1.000000, 0.334543, 0.350323, 0.055370, 0.342433, 44.321889, 44.321889, 0.311285, 0.245201
[ INFO] [1541427386.252089377]: 8.500000, 0.000000, 1.000000, 0.334543, 0.344011, 0.033222, 0.339277, 44.383995, 44.383995, 0.299674, 0.259936
[ INFO] [1541427386.302100632]: 8.550000, 0.000000, 1.000000, 0.337699, 0.347167, 0.033222, 0.342433, 44.459648, 44.459648, 0.298293, 0.258643
[ INFO] [1541427386.352106159]: 8.600000, 0.000000, 1.000000, 0.337699, 0.350323, 0.044296, 0.344011, 44.579808, 44.579808, 0.304105, 0.251297
[ INFO] [1541427386.402089290]: 8.650000, 0.000000, 1.000000, 0.344011, 0.350323, 0.022148, 0.347167, 44.615836, 44.615836, 0.289705, 0.263360
[ INFO] [1541427386.452079870]: 8.700000, 0.000000, 1.000000, 0.340855, 0.350323, 0.033222, 0.345589, 44.679578, 44.679578, 0.296912, 0.257350
[ INFO] [1541427386.502088000]: 8.750000, 0.000000, 1.000000, 0.347167, 0.347167, 0.000000, 0.347167, 44.610727, 44.610727, 0.276589, 0.276589
[ INFO] [1541427386.552090194]: 8.800000, 0.000000, 1.000000, 0.344011, 0.350323, 0.022148, 0.347167, 44.642116, 44.642116, 0.289705, 0.263360
[ INFO] [1541427386.602073325]: 8.850000, 0.000000, 1.000000, 0.344011, 0.356636, 0.044296, 0.350323, 44.780353, 44.780353, 0.301314, 0.248740
[ INFO] [1541427386.652085206]: 8.900000, 0.000000, 1.000000, 0.340855, 0.356636, 0.055370, 0.348745, 44.930432, 44.930432, 0.308464, 0.242674
[ INFO] [1541427386.702085420]: 8.950000, 0.000000, 1.000000, 0.350323, 0.353480, 0.011074, 0.351902, 44.903764, 44.903764, 0.281133, 0.268005
[ INFO] [1541427386.752398643]: 9.000000, 0.000000, 1.000000, 0.344011, 0.356636, 0.044296, 0.350323, 45.002753, 45.002753, 0.301314, 0.248740
[ INFO] [1541427386.802091838]: 9.050000, 0.000000, 1.000000, 0.344011, 0.353480, 0.033222, 0.348745, 45.031322, 45.031322, 0.295531, 0.256057
[ INFO] [1541427386.852101114]: 9.100000, 0.000000, 1.000000, 0.350323, 0.359792, 0.033222, 0.355058, 45.101334, 45.101334, 0.292769, 0.253470
[ INFO] [1541427386.902103776]: 9.150000, 0.000000, 1.000000, 0.347167, 0.359792, 0.044296, 0.353480, 45.193411, 45.193411, 0.299918, 0.247462
[ INFO] [1541427386.952084877]: 9.200000, 0.000000, 1.000000, 0.347167, 0.359792, 0.044296, 0.353480, 45.271677, 45.271677, 0.299918, 0.247462
[ INFO] [1541427387.002067904]: 9.250000, 0.000000, 1.000000, 0.353480, 0.366104, 0.044296, 0.359792, 45.383649, 45.383649, 0.297126, 0.244905
[ INFO] [1541427387.052074059]: 9.300000, 0.000000, 1.000000, 0.353480, 0.369260, 0.055370, 0.361370, 45.533565, 45.533565, 0.302822, 0.237618
[ INFO] [1541427387.102089276]: 9.350000, 0.000000, 1.000000, 0.350323, 0.362948, 0.044296, 0.356636, 45.583531, 45.583531, 0.298522, 0.246183
[ INFO] [1541427387.152085744]: 9.400000, 0.000000, 1.000000, 0.356636, 0.369260, 0.044296, 0.362948, 45.671449, 45.671449, 0.295730, 0.243626
[ INFO] [1541427387.202065754]: 9.450000, 0.000000, 1.000000, 0.362948, 0.369260, 0.022148, 0.366104, 45.681761, 45.681761, 0.281507, 0.255513
[ INFO] [1541427387.252082065]: 9.500000, 0.000000, 1.000000, 0.356636, 0.369260, 0.044296, 0.362948, 45.754944, 45.754944, 0.295730, 0.243626
[ INFO] [1541427387.302091865]: 9.550000, 0.000000, 1.000000, 0.362948, 0.378728, 0.055370, 0.370838, 45.916913, 45.916913, 0.298591, 0.233827
[ INFO] [1541427387.352090677]: 9.600000, 0.000000, 1.000000, 0.362948, 0.375572, 0.044296, 0.369260, 46.000270, 46.000270, 0.292939, 0.241069
[ INFO] [1541427387.402066625]: 9.650000, 0.000000, 1.000000, 0.366104, 0.375572, 0.033222, 0.370838, 46.039262, 46.039262, 0.285863, 0.247005
[ INFO] [1541427387.452077779]: 9.700000, 0.000000, 1.000000, 0.362948, 0.381884, 0.066443, 0.372416, 46.212488, 46.212488, 0.304200, 0.226571
[ INFO] [1541427387.502071851]: 9.750000, 0.000000, 1.000000, 0.375572, 0.378728, 0.011074, 0.377150, 46.178679, 46.178679, 0.270319, 0.257425
[ INFO] [1541427387.552086287]: 9.800000, 0.000000, 1.000000, 0.375572, 0.378728, 0.011074, 0.377150, 46.149942, 46.149942, 0.270319, 0.257425
[ INFO] [1541427387.602076453]: 9.850000, 0.000000, 1.000000, 0.375572, 0.391352, 0.055370, 0.383462, 46.342992, 46.342992, 0.292949, 0.228772
[ INFO] [1541427387.652082660]: 9.900000, 0.000000, 1.000000, 0.378728, 0.385040, 0.022148, 0.381884, 46.367599, 46.367599, 0.274674, 0.248974
[ INFO] [1541427387.702076055]: 9.950000, 0.000000, 1.000000, 0.378728, 0.385040, 0.022148, 0.381884, 46.388515, 46.388515, 0.274674, 0.248974
[ INFO] [1541427387.752095439]: 10.000000, 0.000000, 1.000000, 0.378728, 0.394508, 0.055370, 0.386618, 46.568361, 46.568361, 0.291539, 0.227508
[ INFO] [1541427387.802079407]: 10.050000, 0.000000, 1.000000, 0.385040, 0.391352, 0.022148, 0.388196, 46.605173, 46.605173, 0.271941, 0.246358
[ INFO] [1541427387.852089052]: 10.100000, 0.000000, 1.000000, 0.388196, 0.394508, 0.022148, 0.391352, 46.659468, 46.659468, 0.270575, 0.245050
[ INFO] [1541427387.902085311]: 10.150000, 0.000000, 1.000000, 0.394508, 0.400821, 0.022148, 0.397665, 46.751630, 46.751630, 0.267842, 0.242435
[ INFO] [1541427387.952082196]: 10.200000, 0.000000, 1.000000, 0.397665, 0.400821, 0.011074, 0.399243, 46.798973, 46.798973, 0.260856, 0.248167
[ INFO] [1541427388.002071424]: 10.250000, 0.000000, 1.000000, 0.397665, 0.403977, 0.022148, 0.400821, 46.893214, 46.893214, 0.266475, 0.241127
[ INFO] [1541427388.052079874]: 10.300000, 0.000000, 1.000000, 0.397665, 0.403977, 0.022148, 0.400821, 46.973319, 46.973319, 0.266475, 0.241127
[ INFO] [1541427388.102101084]: 10.350000, 0.000000, 1.000000, 0.407133, 0.407133, 0.000000, 0.407133, 47.002859, 47.002859, 0.251183, 0.251183
[ INFO] [1541427388.152143439]: 10.400000, 0.000000, 1.000000, 0.400821, 0.403977, 0.011074, 0.402399, 47.035664, 47.035664, 0.259504, 0.246845
[ INFO] [1541427388.202119703]: 10.450000, 0.000000, 1.000000, 0.403977, 0.407133, 0.011074, 0.405555, 47.086695, 47.086695, 0.258153, 0.245522
[ INFO] [1541427388.252151798]: 10.500000, 0.000000, 1.000000, 0.410289, 0.413445, 0.011074, 0.411867, 47.176363, 47.176363, 0.255449, 0.242877
[ INFO] [1541427388.302128686]: 10.550000, 0.000000, 1.000000, 0.403977, 0.416601, 0.044296, 0.410289, 47.366207, 47.366207, 0.274794, 0.224449
[ INFO] [1541427388.352133907]: 10.600000, 0.000000, 1.000000, 0.413445, 0.416601, 0.011074, 0.415023, 47.437094, 47.437094, 0.254097, 0.241555
[ INFO] [1541427388.402128139]: 10.650000, 0.000000, 1.000000, 0.416601, 0.413445, -0.011074, 0.415023, 47.412954, 47.412954, 0.241555, 0.254097
[ INFO] [1541427388.452129662]: 10.700000, 0.000000, 1.000000, 0.413445, 0.419757, 0.022148, 0.416601, 47.530123, 47.530123, 0.259643, 0.234588
[ INFO] [1541427388.502127331]: 10.750000, 0.000000, 1.000000, 0.416601, 0.419757, 0.011074, 0.418179, 47.599569, 47.599569, 0.252745, 0.240233
[ INFO] [1541427388.552202862]: 10.800000, 0.000000, 1.000000, 0.416601, 0.419757, 0.011074, 0.418179, 47.658598, 47.658598, 0.252745, 0.240233
[ INFO] [1541427388.602100326]: 10.850000, 0.000000, 1.000000, 0.419757, 0.422913, 0.011074, 0.421335, 47.731919, 47.731919, 0.251394, 0.238910
[ INFO] [1541427388.652369183]: 10.900000, 0.000000, 1.000000, 0.422913, 0.426069, 0.011074, 0.424491, 47.817387, 47.817387, 0.250042, 0.237588
[ INFO] [1541427388.702113216]: 10.950000, 0.000000, 1.000000, 0.422913, 0.422913, 0.000000, 0.422913, 47.836753, 47.836753, 0.244497, 0.244497
[ INFO] [1541427388.752111250]: 11.000000, 0.000000, 1.000000, 0.426069, 0.422913, -0.011074, 0.424491, 47.822947, 47.822947, 0.237588, 0.250042
[ INFO] [1541427388.802114544]: 11.050000, 0.000000, 1.000000, 0.432381, 0.426069, -0.022148, 0.429225, 47.804386, 47.804386, 0.229356, 0.254177
[ INFO] [1541427388.852197887]: 11.100000, 0.000000, 1.000000, 0.429225, 0.432381, 0.011074, 0.430803, 47.925277, 47.925277, 0.247338, 0.234943
[ INFO] [1541427388.902140037]: 11.150000, 0.000000, 1.000000, 0.432381, 0.432381, 0.000000, 0.432381, 47.998320, 47.998320, 0.240486, 0.240486
[ INFO] [1541427388.952134790]: 11.200000, 0.000000, 1.000000, 0.432381, 0.432381, 0.000000, 0.432381, 48.060407, 48.060407, 0.240486, 0.240486
[ INFO] [1541427389.002121678]: 11.250000, 0.000000, 1.000000, 0.432381, 0.432381, 0.000000, 0.432381, 48.113180, 48.113180, 0.240486, 0.240486
[ INFO] [1541427389.052139194]: 11.300000, 0.000000, 1.000000, 0.441849, 0.432381, -0.033222, 0.437115, 48.068120, 48.068120, 0.219848, 0.256859
[ INFO] [1541427389.102141501]: 11.350000, 0.000000, 1.000000, 0.438693, 0.432381, -0.022148, 0.435537, 48.059920, 48.059920, 0.226741, 0.251444
[ INFO] [1541427389.152196151]: 11.400000, 0.000000, 1.000000, 0.441849, 0.432381, -0.033222, 0.437115, 48.022849, 48.022849, 0.219848, 0.256859
[ INFO] [1541427389.202129086]: 11.450000, 0.000000, 1.000000, 0.441849, 0.435537, -0.022148, 0.438693, 48.045009, 48.045009, 0.225433, 0.250078
[ INFO] [1541427389.252161862]: 11.500000, 0.000000, 1.000000, 0.438693, 0.432381, -0.022148, 0.435537, 48.040276, 48.040276, 0.226741, 0.251444
[ INFO] [1541427389.302150993]: 11.550000, 0.000000, 1.000000, 0.445006, 0.438693, -0.022148, 0.441849, 48.083391, 48.083391, 0.224125, 0.248711
[ INFO] [1541427389.352158978]: 11.600000, 0.000000, 1.000000, 0.441849, 0.435537, -0.022148, 0.438693, 48.096469, 48.096469, 0.225433, 0.250078
[ INFO] [1541427389.402145661]: 11.650000, 0.000000, 1.000000, 0.441849, 0.438693, -0.011074, 0.440271, 48.160845, 48.160845, 0.230975, 0.243283
[ INFO] [1541427389.452148906]: 11.700000, 0.000000, 1.000000, 0.445006, 0.435537, -0.033222, 0.440271, 48.132345, 48.132345, 0.218555, 0.255478
[ INFO] [1541427389.502143818]: 11.750000, 0.000000, 1.000000, 0.441849, 0.438693, -0.011074, 0.440271, 48.191340, 48.191340, 0.230975, 0.243283
[ INFO] [1541427389.552156334]: 11.800000, 0.000000, 1.000000, 0.445006, 0.438693, -0.022148, 0.441849, 48.211795, 48.211795, 0.224125, 0.248711
[ INFO] [1541427389.602133330]: 11.850000, 0.000000, 1.000000, 0.445006, 0.441849, -0.011074, 0.443428, 48.282300, 48.282300, 0.229653, 0.241931
[ INFO] [1541427389.652156627]: 11.900000, 0.000000, 1.000000, 0.445006, 0.441849, -0.011074, 0.443428, 48.342230, 48.342230, 0.229653, 0.241931
[ INFO] [1541427389.702138206]: 11.950000, 0.000000, 1.000000, 0.451318, 0.438693, -0.044296, 0.445006, 48.280283, 48.280283, 0.210385, 0.259440
[ INFO] [1541427389.752440191]: 12.000000, 0.000000, 1.000000, 0.448162, 0.448162, 0.000000, 0.448162, 48.416510, 48.416510, 0.233800, 0.233800
[ INFO] [1541427389.802128187]: 12.050000, 0.000000, 1.000000, 0.448162, 0.448162, 0.000000, 0.448162, 48.532303, 48.532303, 0.233800, 0.233800
[ INFO] [1541427389.852639799]: 12.100000, 0.000000, 1.000000, 0.454474, 0.448162, -0.022148, 0.451318, 48.572320, 48.572320, 0.220202, 0.244612
[ INFO] [1541427389.902128272]: 12.150000, 0.000000, 1.000000, 0.454474, 0.451318, -0.011074, 0.452896, 48.659031, 48.659031, 0.225685, 0.237876
[ INFO] [1541427389.952095633]: 12.200000, 0.000000, 1.000000, 0.457630, 0.451318, -0.022148, 0.454474, 48.703608, 48.703608, 0.218894, 0.243245
[ INFO] [1541427390.002083254]: 12.250000, 0.000000, 1.000000, 0.457630, 0.460786, 0.011074, 0.459208, 48.897930, 48.897930, 0.235172, 0.223040
[ INFO] [1541427390.052096033]: 12.300000, 0.000000, 1.000000, 0.460786, 0.457630, -0.011074, 0.459208, 48.982655, 48.982655, 0.223040, 0.235172
[ INFO] [1541427390.102091782]: 12.350000, 0.000000, 1.000000, 0.454474, 0.454474, 0.000000, 0.454474, 49.060101, 49.060101, 0.231126, 0.231126
[ INFO] [1541427390.152106072]: 12.400000, 0.000000, 1.000000, 0.457630, 0.454474, -0.011074, 0.456052, 49.097072, 49.097072, 0.224363, 0.236524
[ INFO] [1541427390.202081822]: 12.450000, 0.000000, 1.000000, 0.460786, 0.454474, -0.022148, 0.457630, 49.099512, 49.099512, 0.217586, 0.241879
[ INFO] [1541427390.252090018]: 12.500000, 0.000000, 1.000000, 0.457630, 0.457630, 0.000000, 0.457630, 49.182715, 49.182715, 0.229789, 0.229789
[ INFO] [1541427390.302091861]: 12.550000, 0.000000, 1.000000, 0.463942, 0.457630, -0.022148, 0.460786, 49.195877, 49.195877, 0.216278, 0.240512
[ INFO] [1541427390.352117192]: 12.600000, 0.000000, 1.000000, 0.460786, 0.460786, 0.000000, 0.460786, 49.287913, 49.287913, 0.228452, 0.228452
[ INFO] [1541427390.402089921]: 12.650000, 0.000000, 1.000000, 0.467098, 0.457630, -0.033222, 0.462364, 49.256321, 49.256321, 0.209503, 0.245810
[ INFO] [1541427390.452084888]: 12.700000, 0.000000, 1.000000, 0.463942, 0.457630, -0.022148, 0.460786, 49.258442, 49.258442, 0.216278, 0.240512
[ INFO] [1541427390.502090845]: 12.750000, 0.000000, 1.000000, 0.463942, 0.457630, -0.022148, 0.460786, 49.260245, 49.260245, 0.216278, 0.240512
[ INFO] [1541427390.552092011]: 12.800000, 0.000000, 1.000000, 0.463942, 0.457630, -0.022148, 0.460786, 49.261777, 49.261777, 0.216278, 0.240512
[ INFO] [1541427390.602086822]: 12.850000, 0.000000, 1.000000, 0.457630, 0.460786, 0.011074, 0.459208, 49.372374, 49.372374, 0.235172, 0.223040
[ INFO] [1541427390.652094706]: 12.900000, 0.000000, 1.000000, 0.463942, 0.460786, -0.011074, 0.462364, 49.409360, 49.409360, 0.221718, 0.233820
[ INFO] [1541427390.702102590]: 12.950000, 0.000000, 1.000000, 0.463942, 0.460786, -0.011074, 0.462364, 49.440799, 49.440799, 0.221718, 0.233820
[ INFO] [1541427390.752106724]: 13.000000, 0.000000, 1.000000, 0.463942, 0.460786, -0.011074, 0.462364, 49.467521, 49.467521, 0.221718, 0.233820
[ INFO] [1541427390.802109556]: 13.050000, 0.000000, 1.000000, 0.467098, 0.463942, -0.011074, 0.465520, 49.513663, 49.513663, 0.220395, 0.232468
[ INFO] [1541427390.852095722]: 13.100000, 0.000000, 1.000000, 0.463942, 0.467098, 0.011074, 0.465520, 49.632769, 49.632769, 0.232468, 0.220395
[ INFO] [1541427390.902108605]: 13.150000, 0.000000, 1.000000, 0.467098, 0.460786, -0.022148, 0.463942, 49.601992, 49.601992, 0.214970, 0.239146
[ INFO] [1541427390.952087168]: 13.200000, 0.000000, 1.000000, 0.470254, 0.460786, -0.033222, 0.465520, 49.546997, 49.546997, 0.208210, 0.244429
[ INFO] [1541427391.002099583]: 13.250000, 0.000000, 1.000000, 0.463942, 0.463942, 0.000000, 0.463942, 49.609652, 49.609652, 0.227114, 0.227114
[ INFO] [1541427391.052083304]: 13.300000, 0.000000, 1.000000, 0.473410, 0.470254, -0.011074, 0.471832, 49.681330, 49.681330, 0.217750, 0.229765
[ INFO] [1541427391.102123013]: 13.350000, 0.000000, 1.000000, 0.467098, 0.470254, 0.011074, 0.468676, 49.798433, 49.798433, 0.231117, 0.219073
[ INFO] [1541427391.152113818]: 13.400000, 0.000000, 1.000000, 0.476566, 0.470254, -0.022148, 0.473410, 49.813512, 49.813512, 0.211047, 0.235047
[ INFO] [1541427391.202082904]: 13.450000, 0.000000, 1.000000, 0.473410, 0.470254, -0.011074, 0.471832, 49.854611, 49.854611, 0.217750, 0.229765
[ INFO] [1541427391.252084750]: 13.500000, 0.000000, 1.000000, 0.473410, 0.473410, 0.000000, 0.473410, 49.940985, 49.940985, 0.223103, 0.223103
[ INFO] [1541427391.302087950]: 13.550000, 0.000000, 1.000000, 0.473410, 0.473410, 0.000000, 0.473410, 50.014402, 50.014402, 0.223103, 0.223103
[ INFO] [1541427391.352096410]: 13.600000, 0.000000, 1.000000, 0.473410, 0.479722, 0.022148, 0.476566, 50.178453, 50.178453, 0.233680, 0.209739
[ INFO] [1541427391.402084975]: 13.650000, 0.000000, 1.000000, 0.470254, 0.473410, 0.011074, 0.471832, 50.244133, 50.244133, 0.229765, 0.217750
[ INFO] [1541427391.452088435]: 13.700000, 0.000000, 1.000000, 0.470254, 0.476566, 0.022148, 0.473410, 50.350720, 50.350720, 0.235047, 0.211047
[ INFO] [1541427391.502091792]: 13.750000, 0.000000, 1.000000, 0.479722, 0.476566, -0.011074, 0.478144, 50.358093, 50.358093, 0.215105, 0.227061
[ INFO] [1541427391.552101450]: 13.800000, 0.000000, 1.000000, 0.473410, 0.473410, 0.000000, 0.473410, 50.368945, 50.368945, 0.223103, 0.223103
[ INFO] [1541427391.602088244]: 13.850000, 0.000000, 1.000000, 0.473410, 0.482878, 0.033222, 0.478144, 50.530021, 50.530021, 0.238904, 0.203037
[ INFO] [1541427391.652079361]: 13.900000, 0.000000, 1.000000, 0.473410, 0.476566, 0.011074, 0.474988, 50.566112, 50.566112, 0.228413, 0.216428
[ INFO] [1541427391.702094383]: 13.950000, 0.000000, 1.000000, 0.470254, 0.479722, 0.033222, 0.474988, 50.674749, 50.674749, 0.240286, 0.204330
[ INFO] [1541427391.752100396]: 14.000000, 0.000000, 1.000000, 0.473410, 0.479722, 0.022148, 0.476566, 50.739748, 50.739748, 0.233680, 0.209739
[ INFO] [1541427391.802097919]: 14.050000, 0.000000, 1.000000, 0.473410, 0.476566, 0.011074, 0.474988, 50.744380, 50.744380, 0.228413, 0.216428
[ INFO] [1541427391.852113150]: 14.100000, 0.000000, 1.000000, 0.473410, 0.479722, 0.022148, 0.476566, 50.798934, 50.798934, 0.233680, 0.209739
[ INFO] [1541427391.902156036]: 14.150000, 0.000000, 1.000000, 0.476566, 0.479722, 0.011074, 0.478144, 50.817834, 50.817834, 0.227061, 0.215105
[ INFO] [1541427391.952098613]: 14.200000, 0.000000, 1.000000, 0.473410, 0.482878, 0.033222, 0.478144, 50.911577, 50.911577, 0.238904, 0.203037
[ INFO] [1541427392.002081605]: 14.250000, 0.000000, 1.000000, 0.482878, 0.482878, 0.000000, 0.482878, 50.909267, 50.909267, 0.219092, 0.219092
[ INFO] [1541427392.052092725]: 14.300000, 0.000000, 1.000000, 0.479722, 0.486034, 0.022148, 0.482878, 50.985099, 50.985099, 0.230947, 0.207123
[ INFO] [1541427392.102117333]: 14.350000, 0.000000, 1.000000, 0.482878, 0.489190, 0.022148, 0.486034, 51.072561, 51.072561, 0.229581, 0.205816
[ INFO] [1541427392.152092934]: 14.400000, 0.000000, 1.000000, 0.486034, 0.495503, 0.033222, 0.490768, 51.219552, 51.219552, 0.233380, 0.197864
[ INFO] [1541427392.202078533]: 14.450000, 0.000000, 1.000000, 0.486034, 0.489190, 0.011074, 0.487612, 51.244797, 51.244797, 0.223006, 0.211138
[ INFO] [1541427392.252078768]: 14.500000, 0.000000, 1.000000, 0.492347, 0.495503, 0.011074, 0.493925, 51.312548, 51.312548, 0.220302, 0.208493
[ INFO] [1541427392.302145823]: 14.550000, 0.000000, 1.000000, 0.482878, 0.492347, 0.033222, 0.487612, 51.400677, 51.400677, 0.234761, 0.199158
[ INFO] [1541427392.352080435]: 14.600000, 0.000000, 1.000000, 0.489190, 0.495503, 0.022148, 0.492347, 51.471813, 51.471813, 0.226848, 0.203200
[ INFO] [1541427392.402079108]: 14.650000, 0.000000, 1.000000, 0.492347, 0.498659, 0.022148, 0.495503, 51.555283, 51.555283, 0.225481, 0.201892
[ INFO] [1541427392.452085280]: 14.700000, 0.000000, 1.000000, 0.495503, 0.498659, 0.011074, 0.497081, 51.599607, 51.599607, 0.218950, 0.207170
[ INFO] [1541427392.502094785]: 14.750000, 0.000000, 1.000000, 0.498659, 0.504971, 0.022148, 0.501815, 51.709919, 51.709919, 0.222748, 0.199277
[ INFO] [1541427392.552081634]: 14.800000, 0.000000, 1.000000, 0.501815, 0.504971, 0.011074, 0.503393, 51.777340, 51.777340, 0.216247, 0.204525
[ INFO] [1541427392.602079578]: 14.850000, 0.000000, 1.000000, 0.504971, 0.508127, 0.011074, 0.506549, 51.857794, 51.857794, 0.214895, 0.203203
[ INFO] [1541427392.652083562]: 14.900000, 0.000000, 1.000000, 0.501815, 0.511283, 0.033222, 0.506549, 52.001322, 52.001322, 0.226474, 0.191399
[ INFO] [1541427392.702095619]: 14.950000, 0.000000, 1.000000, 0.498659, 0.504971, 0.022148, 0.501815, 52.051376, 52.051376, 0.222748, 0.199277
[ INFO] [1541427392.752089708]: 15.000000, 0.000000, 1.000000, 0.498659, 0.511283, 0.044296, 0.504971, 52.191670, 52.191670, 0.232920, 0.186094
[ INFO] [1541427392.802116140]: 15.050000, 0.000000, 1.000000, 0.501815, 0.511283, 0.033222, 0.506549, 52.285116, 52.285116, 0.226474, 0.191399
[ INFO] [1541427392.852092678]: 15.100000, 0.000000, 1.000000, 0.498659, 0.511283, 0.044296, 0.504971, 52.390350, 52.390350, 0.232920, 0.186094
[ INFO] [1541427392.902099631]: 15.150000, 0.000000, 1.000000, 0.501815, 0.511283, 0.033222, 0.506549, 52.453994, 52.453994, 0.226474, 0.191399
[ INFO] [1541427392.952088980]: 15.200000, 0.000000, 1.000000, 0.501815, 0.514439, 0.044296, 0.508127, 52.556619, 52.556619, 0.231524, 0.184815
[ INFO] [1541427393.002085361]: 15.250000, 0.000000, 1.000000, 0.495503, 0.514439, 0.066443, 0.504971, 52.694789, 52.694789, 0.244345, 0.174106
[ INFO] [1541427393.052084089]: 15.300000, 0.000000, 1.000000, 0.511283, 0.517595, 0.022148, 0.514439, 52.732844, 52.732844, 0.217282, 0.194045
[ INFO] [1541427393.102086462]: 15.350000, 0.000000, 1.000000, 0.498659, 0.517595, 0.066443, 0.508127, 52.867022, 52.867022, 0.242920, 0.172857
[ INFO] [1541427393.152089460]: 15.400000, 0.000000, 1.000000, 0.508127, 0.517595, 0.033222, 0.512861, 52.904894, 52.904894, 0.223712, 0.188812
[ INFO] [1541427393.202095896]: 15.450000, 0.000000, 1.000000, 0.504971, 0.520751, 0.055370, 0.512861, 53.010582, 53.010582, 0.235120, 0.176954
[ INFO] [1541427393.252115664]: 15.500000, 0.000000, 1.000000, 0.508127, 0.517595, 0.033222, 0.512861, 53.026920, 53.026920, 0.223712, 0.188812
[ INFO] [1541427393.302088299]: 15.550000, 0.000000, 1.000000, 0.508127, 0.520751, 0.044296, 0.514439, 53.089053, 53.089053, 0.228732, 0.182258
[ INFO] [1541427393.352094630]: 15.600000, 0.000000, 1.000000, 0.511283, 0.520751, 0.033222, 0.516017, 53.116485, 53.116485, 0.222331, 0.187519
[ INFO] [1541427393.402075442]: 15.650000, 0.000000, 1.000000, 0.508127, 0.517595, 0.033222, 0.512861, 53.116937, 53.116937, 0.223712, 0.188812
[ INFO] [1541427393.452085784]: 15.700000, 0.000000, 1.000000, 0.504971, 0.511283, 0.022148, 0.508127, 53.045660, 53.045660, 0.220015, 0.196661
[ INFO] [1541427393.502083366]: 15.750000, 0.000000, 1.000000, 0.501815, 0.517595, 0.055370, 0.509705, 53.107651, 53.107651, 0.236531, 0.178218
[ INFO] [1541427393.552096155]: 15.800000, 0.000000, 1.000000, 0.501815, 0.514439, 0.044296, 0.508127, 53.112228, 53.112228, 0.231524, 0.184815
[ INFO] [1541427393.602067332]: 15.850000, 0.000000, 1.000000, 0.504971, 0.514439, 0.033222, 0.509705, 53.090454, 53.090454, 0.225093, 0.190105
[ INFO] [1541427393.652087256]: 15.900000, 0.000000, 1.000000, 0.501815, 0.517595, 0.055370, 0.509705, 53.145727, 53.145727, 0.236531, 0.178218
[ INFO] [1541427393.702077599]: 15.950000, 0.000000, 1.000000, 0.504971, 0.517595, 0.044296, 0.511283, 53.167315, 53.167315, 0.230128, 0.183537
[ INFO] [1541427393.752105648]: 16.000000, 0.000000, 1.000000, 0.498659, 0.517595, 0.066443, 0.508127, 53.236322, 53.236322, 0.242920, 0.172857
[ INFO] [1541427393.802093907]: 16.049999, 0.000000, 1.000000, 0.504971, 0.517595, 0.044296, 0.511283, 53.244321, 53.244321, 0.230128, 0.183537
[ INFO] [1541427393.852093364]: 16.100000, 0.000000, 1.000000, 0.501815, 0.520751, 0.066443, 0.511283, 53.324219, 53.324219, 0.241495, 0.171608
[ INFO] [1541427393.902076676]: 16.150000, 0.000000, 1.000000, 0.498659, 0.517595, 0.066443, 0.508127, 53.369690, 53.369690, 0.242920, 0.172857
[ INFO] [1541427393.952080038]: 16.200001, 0.000000, 1.000000, 0.501815, 0.517595, 0.055370, 0.509705, 53.383077, 53.383077, 0.236531, 0.178218
[ INFO] [1541427394.002076006]: 16.250000, 0.000000, 1.000000, 0.495503, 0.517595, 0.077517, 0.506549, 53.444854, 53.444854, 0.249296, 0.167453
[ INFO] [1541427394.052084267]: 16.299999, 0.000000, 1.000000, 0.508127, 0.517595, 0.033222, 0.512861, 53.396051, 53.396051, 0.223712, 0.188812
[ INFO] [1541427394.102074144]: 16.350000, 0.000000, 1.000000, 0.495503, 0.514439, 0.066443, 0.504971, 53.408306, 53.408306, 0.244345, 0.174106
[ INFO] [1541427394.152085531]: 16.400000, 0.000000, 1.000000, 0.501815, 0.514439, 0.044296, 0.508127, 53.367784, 53.367784, 0.231524, 0.184815
[ INFO] [1541427394.202072960]: 16.450001, 0.000000, 1.000000, 0.501815, 0.517595, 0.055370, 0.509705, 53.381457, 53.381457, 0.236531, 0.178218
[ INFO] [1541427394.252080962]: 16.500000, 0.000000, 1.000000, 0.498659, 0.514439, 0.055370, 0.506549, 53.370496, 53.370496, 0.237941, 0.179482
[ INFO] [1541427394.302079953]: 16.549999, 0.000000, 1.000000, 0.498659, 0.517595, 0.066443, 0.508127, 53.409026, 53.409026, 0.242920, 0.172857
[ INFO] [1541427394.352086132]: 16.600000, 0.000000, 1.000000, 0.495503, 0.511283, 0.055370, 0.503393, 53.371348, 53.371348, 0.239352, 0.180746
[ INFO] [1541427394.402075904]: 16.650000, 0.000000, 1.000000, 0.495503, 0.511283, 0.055370, 0.503393, 53.339321, 53.339321, 0.239352, 0.180746
[ INFO] [1541427394.452083020]: 16.700001, 0.000000, 1.000000, 0.495503, 0.511283, 0.055370, 0.503393, 53.312098, 53.312098, 0.239352, 0.180746
[ INFO] [1541427394.502092584]: 16.750000, 0.000000, 1.000000, 0.495503, 0.508127, 0.044296, 0.501815, 53.240561, 53.240561, 0.234316, 0.187372
[ INFO] [1541427394.552078868]: 16.799999, 0.000000, 1.000000, 0.495503, 0.511283, 0.055370, 0.503393, 53.228152, 53.228152, 0.239352, 0.180746
[ INFO] [1541427394.602074682]: 16.850000, 0.000000, 1.000000, 0.495503, 0.504971, 0.033222, 0.500237, 53.120397, 53.120397, 0.229237, 0.193985
[ INFO] [1541427394.652112005]: 16.900000, 0.000000, 1.000000, 0.498659, 0.508127, 0.033222, 0.503393, 53.051670, 53.051670, 0.227855, 0.192692
[ INFO] [1541427394.702305260]: 16.950001, 0.000000, 1.000000, 0.492347, 0.498659, 0.022148, 0.495503, 52.898162, 52.898162, 0.225481, 0.201892
[ INFO] [1541427394.752082801]: 17.000000, 0.000000, 1.000000, 0.489190, 0.498659, 0.033222, 0.493925, 52.794177, 52.794177, 0.231999, 0.196571
[ INFO] [1541427394.802088407]: 17.049999, 0.000000, 1.000000, 0.486034, 0.498659, 0.044296, 0.492347, 52.732158, 52.732158, 0.238503, 0.191208
[ INFO] [1541427394.852096669]: 17.100000, 0.000000, 1.000000, 0.482878, 0.498659, 0.055370, 0.490768, 52.705679, 52.705679, 0.244994, 0.185801
[ INFO] [1541427394.902086338]: 17.150000, 0.000000, 1.000000, 0.482878, 0.492347, 0.033222, 0.487612, 52.584838, 52.584838, 0.234761, 0.199158
[ INFO] [1541427394.952086058]: 17.200001, 0.000000, 1.000000, 0.486034, 0.498659, 0.044296, 0.492347, 52.554220, 52.554220, 0.238503, 0.191208
[ INFO] [1541427395.002088122]: 17.250000, 0.000000, 1.000000, 0.479722, 0.492347, 0.044296, 0.486034, 52.482747, 52.482747, 0.241295, 0.193765
[ INFO] [1541427395.052078211]: 17.299999, 0.000000, 1.000000, 0.476566, 0.495503, 0.066443, 0.486034, 52.497348, 52.497348, 0.252896, 0.181601
[ INFO] [1541427395.102089444]: 17.350000, 0.000000, 1.000000, 0.479722, 0.495503, 0.055370, 0.487612, 52.483509, 52.483509, 0.246404, 0.187065
[ INFO] [1541427395.152080679]: 17.400000, 0.000000, 1.000000, 0.473410, 0.492347, 0.066443, 0.482878, 52.475554, 52.475554, 0.254321, 0.182850
[ INFO] [1541427395.202090194]: 17.450001, 0.000000, 1.000000, 0.479722, 0.495503, 0.055370, 0.487612, 52.464984, 52.464984, 0.246404, 0.187065
[ INFO] [1541427395.252075491]: 17.500000, 0.000000, 1.000000, 0.473410, 0.492347, 0.066443, 0.482878, 52.459808, 52.459808, 0.254321, 0.182850
[ INFO] [1541427395.302082142]: 17.549999, 0.000000, 1.000000, 0.476566, 0.489190, 0.044296, 0.482878, 52.379773, 52.379773, 0.242690, 0.195043
[ INFO] [1541427395.352088011]: 17.600000, 0.000000, 1.000000, 0.476566, 0.486034, 0.033222, 0.481300, 52.262090, 52.262090, 0.237523, 0.201744
[ INFO] [1541427395.402072162]: 17.650000, 0.000000, 1.000000, 0.470254, 0.486034, 0.055370, 0.478144, 52.215792, 52.215792, 0.250635, 0.190856
[ INFO] [1541427395.452083813]: 17.700001, 0.000000, 1.000000, 0.476566, 0.486034, 0.033222, 0.481300, 52.122705, 52.122705, 0.237523, 0.201744
[ INFO] [1541427395.502126660]: 17.750000, 0.000000, 1.000000, 0.470254, 0.482878, 0.044296, 0.476566, 52.047789, 52.047789, 0.245482, 0.197600
[ INFO] [1541427395.552084562]: 17.799999, 0.000000, 1.000000, 0.467098, 0.479722, 0.044296, 0.473410, 51.961388, 51.961388, 0.246878, 0.198879
[ INFO] [1541427395.602089338]: 17.850000, 0.000000, 1.000000, 0.470254, 0.476566, 0.022148, 0.473410, 51.810386, 51.810386, 0.235047, 0.211047
[ INFO] [1541427395.652085051]: 17.900000, 0.000000, 1.000000, 0.460786, 0.479722, 0.066443, 0.470254, 51.813633, 51.813633, 0.260022, 0.187847
[ INFO] [1541427395.702081962]: 17.950001, 0.000000, 1.000000, 0.467098, 0.476566, 0.033222, 0.471832, 51.712277, 51.712277, 0.241667, 0.205623
[ INFO] [1541427395.752095331]: 18.000000, 0.000000, 1.000000, 0.463942, 0.479722, 0.055370, 0.471832, 51.703286, 51.703286, 0.253456, 0.193384
[ INFO] [1541427395.802087034]: 18.049999, 0.000000, 1.000000, 0.463942, 0.476566, 0.044296, 0.470254, 51.645837, 51.645837, 0.248273, 0.200157
[ INFO] [1541427395.852089258]: 18.100000, 0.000000, 1.000000, 0.460786, 0.473410, 0.044296, 0.467098, 51.574281, 51.574281, 0.249669, 0.201436
[ INFO] [1541427395.902081222]: 18.150000, 0.000000, 1.000000, 0.460786, 0.473410, 0.044296, 0.467098, 51.513459, 51.513459, 0.249669, 0.201436
[ INFO] [1541427395.952073185]: 18.200001, 0.000000, 1.000000, 0.467098, 0.476566, 0.033222, 0.471832, 51.457129, 51.457129, 0.241667, 0.205623
[ INFO] [1541427396.002069732]: 18.250000, 0.000000, 1.000000, 0.457630, 0.473410, 0.055370, 0.465520, 51.441245, 51.441245, 0.256277, 0.195912
[ INFO] [1541427396.052078156]: 18.299999, 0.000000, 1.000000, 0.460786, 0.473410, 0.044296, 0.467098, 51.400379, 51.400379, 0.249669, 0.201436
[ INFO] [1541427396.102080071]: 18.350000, 0.000000, 1.000000, 0.454474, 0.473410, 0.066443, 0.463942, 51.420244, 51.420244, 0.262872, 0.190345
[ INFO] [1541427396.152083495]: 18.400000, 0.000000, 1.000000, 0.457630, 0.473410, 0.055370, 0.465520, 51.409893, 51.409893, 0.256277, 0.195912
[ INFO] [1541427396.202068379]: 18.450001, 0.000000, 1.000000, 0.457630, 0.476566, 0.066443, 0.467098, 51.450772, 51.450772, 0.261447, 0.189096
[ INFO] [1541427396.252088834]: 18.500000, 0.000000, 1.000000, 0.454474, 0.473410, 0.066443, 0.463942, 51.463078, 51.463078, 0.262872, 0.190345
[ INFO] [1541427396.302081426]: 18.549999, 0.000000, 1.000000, 0.460786, 0.473410, 0.044296, 0.467098, 51.418937, 51.418937, 0.249669, 0.201436
[ INFO] [1541427396.352082091]: 18.600000, 0.000000, 1.000000, 0.457630, 0.473410, 0.055370, 0.465520, 51.408782, 51.408782, 0.256277, 0.195912
[ INFO] [1541427396.402066558]: 18.650000, 0.000000, 1.000000, 0.457630, 0.473410, 0.055370, 0.465520, 51.400150, 51.400150, 0.256277, 0.195912
[ INFO] [1541427396.452088836]: 18.700001, 0.000000, 1.000000, 0.454474, 0.473410, 0.066443, 0.463942, 51.420049, 51.420049, 0.262872, 0.190345
[ INFO] [1541427396.502086427]: 18.750000, 0.000000, 1.000000, 0.451318, 0.473410, 0.077517, 0.462364, 51.464071, 51.464071, 0.269453, 0.184736
[ INFO] [1541427396.552081519]: 18.799999, 0.000000, 1.000000, 0.457630, 0.470254, 0.044296, 0.463942, 51.397057, 51.397057, 0.251065, 0.202714
[ INFO] [1541427396.602065361]: 18.850000, 0.000000, 1.000000, 0.448162, 0.463942, 0.055370, 0.456052, 51.322436, 51.322436, 0.260509, 0.199703
[ INFO] [1541427396.652076286]: 18.900000, 0.000000, 1.000000, 0.451318, 0.463942, 0.044296, 0.457630, 51.231221, 51.231221, 0.253857, 0.205271
[ INFO] [1541427396.702078096]: 18.950001, 0.000000, 1.000000, 0.451318, 0.460786, 0.033222, 0.456052, 51.102906, 51.102906, 0.248572, 0.212089
[ INFO] [1541427396.752084958]: 19.000000, 0.000000, 1.000000, 0.448162, 0.460786, 0.044296, 0.454474, 51.021896, 51.021896, 0.255252, 0.206550
[ INFO] [1541427396.802086403]: 19.049999, 0.000000, 1.000000, 0.460786, 0.460786, 0.000000, 0.460786, 50.840029, 50.840029, 0.228452, 0.228452
[ INFO] [1541427396.852084828]: 19.100000, 0.000000, 1.000000, 0.451318, 0.454474, 0.011074, 0.452896, 50.667596, 50.667596, 0.237876, 0.225685
[ INFO] [1541427396.902088565]: 19.150000, 0.000000, 1.000000, 0.454474, 0.454474, 0.000000, 0.454474, 50.492300, 50.492300, 0.231126, 0.231126
[ INFO] [1541427396.952083397]: 19.200001, 0.000000, 1.000000, 0.451318, 0.451318, 0.000000, 0.451318, 50.320012, 50.320012, 0.232463, 0.232463
[ INFO] [1541427397.002074218]: 19.250000, 0.000000, 1.000000, 0.441849, 0.448162, 0.022148, 0.445006, 50.208170, 50.208170, 0.247345, 0.222817
[ INFO] [1541427397.052090041]: 19.299999, 0.000000, 1.000000, 0.448162, 0.448162, 0.000000, 0.448162, 50.055214, 50.055214, 0.233800, 0.233800
[ INFO] [1541427397.102080448]: 19.350000, 0.000000, 1.000000, 0.445006, 0.448162, 0.011074, 0.446584, 49.954211, 49.954211, 0.240579, 0.228330
[ INFO] [1541427397.152106636]: 19.400000, 0.000000, 1.000000, 0.445006, 0.448162, 0.011074, 0.446584, 49.868359, 49.868359, 0.240579, 0.228330
[ INFO] [1541427397.202073086]: 19.450001, 0.000000, 1.000000, 0.445006, 0.445006, 0.000000, 0.445006, 49.743088, 49.743088, 0.235137, 0.235137
[ INFO] [1541427397.252095003]: 19.500000, 0.000000, 1.000000, 0.441849, 0.445006, 0.011074, 0.443428, 49.665758, 49.665758, 0.241931, 0.229653
[ INFO] [1541427397.302079056]: 19.549999, 0.000000, 1.000000, 0.448162, 0.448162, 0.000000, 0.448162, 49.594163, 49.594163, 0.233800, 0.233800
[ INFO] [1541427397.352097744]: 19.600000, 0.000000, 1.000000, 0.441849, 0.445006, 0.011074, 0.443428, 49.539172, 49.539172, 0.241931, 0.229653
[ INFO] [1541427397.402075340]: 19.650000, 0.000000, 1.000000, 0.435537, 0.441849, 0.022148, 0.438693, 49.498446, 49.498446, 0.250078, 0.225433
[ INFO] [1541427397.452116839]: 19.700001, 0.000000, 1.000000, 0.445006, 0.438693, -0.022148, 0.441849, 49.322835, 49.322835, 0.224125, 0.248711
[ INFO] [1541427397.502082612]: 19.750000, 0.000000, 1.000000, 0.435537, 0.438693, 0.011074, 0.437115, 49.262250, 49.262250, 0.244635, 0.232298
[ INFO] [1541427397.552103435]: 19.799999, 0.000000, 1.000000, 0.441849, 0.438693, -0.011074, 0.440271, 49.151759, 49.151759, 0.230975, 0.243283
[ INFO] [1541427397.602073010]: 19.850000, 0.000000, 1.000000, 0.435537, 0.438693, 0.011074, 0.437115, 49.116836, 49.116836, 0.244635, 0.232298
[ INFO] [1541427397.652098468]: 19.900000, 0.000000, 1.000000, 0.438693, 0.441849, 0.011074, 0.440271, 49.110298, 49.110298, 0.243283, 0.230975
[ INFO] [1541427397.702075074]: 19.950001, 0.000000, 1.000000, 0.438693, 0.441849, 0.011074, 0.440271, 49.104741, 49.104741, 0.243283, 0.230975
[ INFO] [1541427397.752100116]: 20.000000, 0.000000, 1.000000, 0.432381, 0.438693, 0.022148, 0.435537, 49.106173, 49.106173, 0.251444, 0.226741
[ INFO] [1541427397.802082243]: 20.049999, 0.000000, 1.000000, 0.432381, 0.438693, 0.022148, 0.435537, 49.107391, 49.107391, 0.251444, 0.226741
[ INFO] [1541427397.852100201]: 20.100000, 0.000000, 1.000000, 0.438693, 0.435537, -0.011074, 0.437115, 48.996702, 48.996702, 0.232298, 0.244635
[ INFO] [1541427397.902089828]: 20.150000, 0.000000, 1.000000, 0.432381, 0.435537, 0.011074, 0.433959, 48.961891, 48.961891, 0.245986, 0.233620
[ INFO] [1541427397.952083829]: 20.200001, 0.000000, 1.000000, 0.438693, 0.438693, 0.000000, 0.438693, 48.926016, 48.926016, 0.237812, 0.237812
[ INFO] [1541427398.002072882]: 20.250000, 0.000000, 1.000000, 0.438693, 0.438693, 0.000000, 0.438693, 48.895522, 48.895522, 0.237812, 0.237812
[ INFO] [1541427398.052091938]: 20.299999, 0.000000, 1.000000, 0.432381, 0.438693, 0.022148, 0.435537, 48.928338, 48.928338, 0.251444, 0.226741
[ INFO] [1541427398.102083650]: 20.350000, 0.000000, 1.000000, 0.441849, 0.438693, -0.011074, 0.440271, 48.867934, 48.867934, 0.230975, 0.243283
[ INFO] [1541427398.152089217]: 20.400000, 0.000000, 1.000000, 0.435537, 0.438693, 0.011074, 0.437115, 48.875584, 48.875584, 0.244635, 0.232298
[ INFO] [1541427398.202082232]: 20.450001, 0.000000, 1.000000, 0.438693, 0.435537, -0.011074, 0.437115, 48.799666, 48.799666, 0.232298, 0.244635
[ INFO] [1541427398.252087850]: 20.500000, 0.000000, 1.000000, 0.441849, 0.438693, -0.011074, 0.440271, 48.758563, 48.758563, 0.230975, 0.243283
[ INFO] [1541427398.302075657]: 20.549999, 0.000000, 1.000000, 0.435537, 0.438693, 0.011074, 0.437115, 48.782619, 48.782619, 0.244635, 0.232298
[ INFO] [1541427398.352086015]: 20.600000, 0.000000, 1.000000, 0.438693, 0.435537, -0.011074, 0.437115, 48.720645, 48.720645, 0.232298, 0.244635
[ INFO] [1541427398.402078144]: 20.650000, 0.000000, 1.000000, 0.435537, 0.438693, 0.011074, 0.437115, 48.750389, 48.750389, 0.244635, 0.232298
[ INFO] [1541427398.452097773]: 20.700001, 0.000000, 1.000000, 0.435537, 0.441849, 0.022148, 0.438693, 48.827980, 48.827980, 0.250078, 0.225433
[ INFO] [1541427398.502075371]: 20.750000, 0.000000, 1.000000, 0.441849, 0.445006, 0.011074, 0.443428, 48.887916, 48.887916, 0.241931, 0.229653
[ INFO] [1541427398.552090417]: 20.799999, 0.000000, 1.000000, 0.438693, 0.445006, 0.022148, 0.441849, 48.967883, 48.967883, 0.248711, 0.224125
[ INFO] [1541427398.602074005]: 20.850000, 0.000000, 1.000000, 0.445006, 0.441849, -0.011074, 0.443428, 48.924976, 48.924976, 0.229653, 0.241931
[ INFO] [1541427398.652079832]: 20.900000, 0.000000, 1.000000, 0.445006, 0.448162, 0.011074, 0.446584, 48.993509, 48.993509, 0.240579, 0.228330
[ INFO] [1541427398.702075815]: 20.950001, 0.000000, 1.000000, 0.448162, 0.448162, 0.000000, 0.448162, 49.022752, 49.022752, 0.233800, 0.233800
[ INFO] [1541427398.752113464]: 21.000000, 0.000000, 1.000000, 0.451318, 0.451318, 0.000000, 0.451318, 49.070896, 49.070896, 0.232463, 0.232463
[ INFO] [1541427398.802079292]: 21.049999, 0.000000, 1.000000, 0.445006, 0.451318, 0.022148, 0.448162, 49.169426, 49.169426, 0.245978, 0.221510
[ INFO] [1541427398.852099285]: 21.100000, 0.000000, 1.000000, 0.454474, 0.448162, -0.022148, 0.451318, 49.113875, 49.113875, 0.220202, 0.244612
[ INFO] [1541427398.902148704]: 21.150000, 0.000000, 1.000000, 0.451318, 0.451318, 0.000000, 0.451318, 49.148350, 49.148350, 0.232463, 0.232463
[ INFO] [1541427398.952132240]: 21.200001, 0.000000, 1.000000, 0.445006, 0.451318, 0.022148, 0.448162, 49.235263, 49.235263, 0.245978, 0.221510
[ INFO] [1541427399.002130671]: 21.250000, 0.000000, 1.000000, 0.457630, 0.457630, 0.000000, 0.457630, 49.298104, 49.298104, 0.229789, 0.229789
[ INFO] [1541427399.052132230]: 21.299999, 0.000000, 1.000000, 0.451318, 0.454474, 0.011074, 0.452896, 49.356960, 49.356960, 0.237876, 0.225685
[ INFO] [1541427399.102134623]: 21.350000, 0.000000, 1.000000, 0.460786, 0.457630, -0.011074, 0.459208, 49.372830, 49.372830, 0.223040, 0.235172
[ INFO] [1541427399.152133318]: 21.400000, 0.000000, 1.000000, 0.457630, 0.457630, 0.000000, 0.457630, 49.415036, 49.415036, 0.229789, 0.229789
[ INFO] [1541427399.202176386]: 21.450001, 0.000000, 1.000000, 0.457630, 0.460786, 0.011074, 0.459208, 49.502644, 49.502644, 0.235172, 0.223040
[ INFO] [1541427399.252141697]: 21.500000, 0.000000, 1.000000, 0.463942, 0.460786, -0.011074, 0.462364, 49.520090, 49.520090, 0.221718, 0.233820
[ INFO] [1541427399.302679070]: 21.549999, 0.000000, 1.000000, 0.460786, 0.463942, 0.011074, 0.462364, 49.615086, 49.615086, 0.233820, 0.221718
[ INFO] [1541427399.352149398]: 21.600000, 0.000000, 1.000000, 0.463942, 0.460786, -0.011074, 0.462364, 49.615666, 49.615666, 0.221718, 0.233820
[ INFO] [1541427399.402139969]: 21.650000, 0.000000, 1.000000, 0.460786, 0.460786, 0.000000, 0.460786, 49.644733, 49.644733, 0.228452, 0.228452
[ INFO] [1541427399.452154132]: 21.700001, 0.000000, 1.000000, 0.463942, 0.460786, -0.011074, 0.462364, 49.640866, 49.640866, 0.221718, 0.233820
[ INFO] [1541427399.502163139]: 21.750000, 0.000000, 1.000000, 0.463942, 0.463942, 0.000000, 0.463942, 49.689440, 49.689440, 0.227114, 0.227114
[ INFO] [1541427399.552249486]: 21.799999, 0.000000, 1.000000, 0.467098, 0.467098, 0.000000, 0.467098, 49.754016, 49.754016, 0.225777, 0.225777
[ INFO] [1541427399.602264066]: 21.850000, 0.000000, 1.000000, 0.467098, 0.467098, 0.000000, 0.467098, 49.808905, 49.808905, 0.225777, 0.225777
[ INFO] [1541427399.652153286]: 21.900000, 0.000000, 1.000000, 0.467098, 0.467098, 0.000000, 0.467098, 49.855561, 49.855561, 0.225777, 0.225777
[ INFO] [1541427399.702146720]: 21.950001, 0.000000, 1.000000, 0.470254, 0.463942, -0.022148, 0.467098, 49.814933, 49.814933, 0.213663, 0.237779
[ INFO] [1541427399.752201247]: 22.000000, 0.000000, 1.000000, 0.463942, 0.460786, -0.011074, 0.462364, 49.785536, 49.785536, 0.221718, 0.233820
[ INFO] [1541427399.802127236]: 22.049999, 0.000000, 1.000000, 0.470254, 0.470254, 0.000000, 0.470254, 49.858984, 49.858984, 0.224440, 0.224440
[ INFO] [1541427399.852145878]: 22.100000, 0.000000, 1.000000, 0.470254, 0.470254, 0.000000, 0.470254, 49.921415, 49.921415, 0.224440, 0.224440
[ INFO] [1541427399.902205143]: 22.150000, 0.000000, 1.000000, 0.473410, 0.473410, 0.000000, 0.473410, 49.997768, 49.997768, 0.223103, 0.223103
[ INFO] [1541427399.952151184]: 22.200001, 0.000000, 1.000000, 0.479722, 0.470254, -0.033222, 0.474988, 49.954536, 49.954536, 0.204330, 0.240286
[ INFO] [1541427400.002130400]: 22.250000, 0.000000, 1.000000, 0.479722, 0.476566, -0.011074, 0.478144, 50.021337, 50.021337, 0.215105, 0.227061
[ INFO] [1541427400.052141493]: 22.299999, 0.000000, 1.000000, 0.476566, 0.476566, 0.000000, 0.476566, 50.105989, 50.105989, 0.221766, 0.221766
[ INFO] [1541427400.102151285]: 22.350000, 0.000000, 1.000000, 0.479722, 0.473410, -0.022148, 0.476566, 50.098504, 50.098504, 0.209739, 0.233680
[ INFO] [1541427400.152120244]: 22.400000, 0.000000, 1.000000, 0.473410, 0.476566, 0.011074, 0.474988, 50.199322, 50.199322, 0.228413, 0.216428
[ INFO] [1541427400.202098683]: 22.450001, 0.000000, 1.000000, 0.479722, 0.476566, -0.011074, 0.478144, 50.229405, 50.229405, 0.215105, 0.227061
[ INFO] [1541427400.252165920]: 22.500000, 0.000000, 1.000000, 0.479722, 0.482878, 0.011074, 0.481300, 50.356881, 50.356881, 0.225709, 0.213783
[ INFO] [1541427400.302119671]: 22.549999, 0.000000, 1.000000, 0.479722, 0.479722, 0.000000, 0.479722, 50.414488, 50.414488, 0.220429, 0.220429
[ INFO] [1541427400.352164045]: 22.600000, 0.000000, 1.000000, 0.482878, 0.482878, 0.000000, 0.482878, 50.486741, 50.486741, 0.219092, 0.219092
[ INFO] [1541427400.402103839]: 22.650000, 0.000000, 1.000000, 0.482878, 0.486034, 0.011074, 0.484456, 50.598762, 50.598762, 0.224357, 0.212460
[ INFO] [1541427400.452151024]: 22.700001, 0.000000, 1.000000, 0.479722, 0.482878, 0.011074, 0.481300, 50.670834, 50.670834, 0.225709, 0.213783
[ INFO] [1541427400.502138994]: 22.750000, 0.000000, 1.000000, 0.479722, 0.486034, 0.022148, 0.482878, 50.782431, 50.782431, 0.230947, 0.207123
[ INFO] [1541427400.552150191]: 22.799999, 0.000000, 1.000000, 0.476566, 0.482878, 0.022148, 0.479722, 50.854283, 50.854283, 0.232314, 0.208431
[ INFO] [1541427400.602116703]: 22.850000, 0.000000, 1.000000, 0.479722, 0.486034, 0.022148, 0.482878, 50.938362, 50.938362, 0.230947, 0.207123
[ INFO] [1541427400.652149462]: 22.900000, 0.000000, 1.000000, 0.476566, 0.486034, 0.033222, 0.481300, 51.036890, 51.036890, 0.237523, 0.201744
[ INFO] [1541427400.702130348]: 22.950001, 0.000000, 1.000000, 0.476566, 0.486034, 0.033222, 0.481300, 51.120639, 51.120639, 0.237523, 0.201744
[ INFO] [1541427400.752391016]: 23.000000, 0.000000, 1.000000, 0.479722, 0.486034, 0.022148, 0.482878, 51.164765, 51.164765, 0.230947, 0.207123
[ INFO] [1541427400.802233938]: 23.049999, 0.000000, 1.000000, 0.482878, 0.486034, 0.011074, 0.484456, 51.175083, 51.175083, 0.224357, 0.212460
[ INFO] [1541427400.852130452]: 23.100000, 0.000000, 1.000000, 0.482878, 0.492347, 0.033222, 0.487612, 51.283831, 51.283831, 0.234761, 0.199158
[ INFO] [1541427400.902105453]: 23.150000, 0.000000, 1.000000, 0.489190, 0.492347, 0.011074, 0.490768, 51.322581, 51.322581, 0.221654, 0.209815
[ INFO] [1541427400.952119203]: 23.200001, 0.000000, 1.000000, 0.486034, 0.492347, 0.022148, 0.489190, 51.382426, 51.382426, 0.228214, 0.204508
[ INFO] [1541427401.002122172]: 23.250000, 0.000000, 1.000000, 0.486034, 0.492347, 0.022148, 0.489190, 51.433294, 51.433294, 0.228214, 0.204508
[ INFO] [1541427401.052102904]: 23.299999, 0.000000, 1.000000, 0.489190, 0.489190, 0.000000, 0.489190, 51.399300, 51.399300, 0.216417, 0.216417
[ INFO] [1541427401.102093168]: 23.350000, 0.000000, 1.000000, 0.482878, 0.489190, 0.022148, 0.486034, 51.424632, 51.424632, 0.229581, 0.205816
[ INFO] [1541427401.152101504]: 23.400000, 0.000000, 1.000000, 0.492347, 0.492347, 0.000000, 0.492347, 51.415225, 51.415225, 0.215080, 0.215080
[ INFO] [1541427401.202091872]: 23.450001, 0.000000, 1.000000, 0.482878, 0.492347, 0.033222, 0.487612, 51.487952, 51.487952, 0.234761, 0.199158
[ INFO] [1541427401.252098542]: 23.500000, 0.000000, 1.000000, 0.489190, 0.486034, -0.011074, 0.487612, 51.395025, 51.395025, 0.211138, 0.223006
[ INFO] [1541427401.302095368]: 23.549999, 0.000000, 1.000000, 0.495503, 0.489190, -0.022148, 0.492347, 51.312028, 51.312028, 0.203200, 0.226848
[ INFO] [1541427401.352094850]: 23.600000, 0.000000, 1.000000, 0.495503, 0.489190, -0.022148, 0.492347, 51.241480, 51.241480, 0.203200, 0.226848
[ INFO] [1541427401.402071365]: 23.650000, 0.000000, 1.000000, 0.495503, 0.489190, -0.022148, 0.492347, 51.181515, 51.181515, 0.203200, 0.226848
[ INFO] [1541427401.452097877]: 23.700001, 0.000000, 1.000000, 0.495503, 0.492347, -0.011074, 0.493925, 51.181409, 51.181409, 0.208493, 0.220302
[ INFO] [1541427401.502083402]: 23.750000, 0.000000, 1.000000, 0.501815, 0.486034, -0.055370, 0.493925, 51.023378, 51.023378, 0.184537, 0.243583
[ INFO] [1541427401.552087623]: 23.799999, 0.000000, 1.000000, 0.495503, 0.492347, -0.011074, 0.493925, 51.046993, 51.046993, 0.208493, 0.220302
[ INFO] [1541427401.602078929]: 23.850000, 0.000000, 1.000000, 0.498659, 0.495503, -0.011074, 0.497081, 51.090493, 51.090493, 0.207170, 0.218950
[ INFO] [1541427401.652089140]: 23.900000, 0.000000, 1.000000, 0.501815, 0.501815, 0.000000, 0.501815, 51.201067, 51.201067, 0.211069, 0.211069
[ INFO] [1541427401.702081018]: 23.950001, 0.000000, 1.000000, 0.501815, 0.501815, 0.000000, 0.501815, 51.295055, 51.295055, 0.211069, 0.211069
[ INFO] [1541427401.752165862]: 24.000000, 0.000000, 1.000000, 0.504971, 0.498659, -0.022148, 0.501815, 51.297760, 51.297760, 0.199277, 0.222748
[ INFO] [1541427401.802108107]: 24.049999, 0.000000, 1.000000, 0.504971, 0.495503, -0.033222, 0.500237, 51.249207, 51.249207, 0.193985, 0.229237
[ INFO] [1541427401.852230970]: 24.100000, 0.000000, 1.000000, 0.504971, 0.498659, -0.022148, 0.501815, 51.258789, 51.258789, 0.199277, 0.222748
[ INFO] [1541427401.902123165]: 24.150000, 0.000000, 1.000000, 0.504971, 0.501815, -0.011074, 0.503393, 51.317375, 51.317375, 0.204525, 0.216247
[ INFO] [1541427401.952201290]: 24.200001, 0.000000, 1.000000, 0.514439, 0.504971, -0.033222, 0.509705, 51.337009, 51.337009, 0.190105, 0.225093
[ INFO] [1541427402.002182179]: 24.250000, 0.000000, 1.000000, 0.511283, 0.504971, -0.022148, 0.508127, 51.380558, 51.380558, 0.196661, 0.220015
[ INFO] [1541427402.052139322]: 24.299999, 0.000000, 1.000000, 0.520751, 0.508127, -0.044296, 0.514439, 51.387574, 51.387574, 0.182258, 0.228732
[ INFO] [1541427402.102132349]: 24.350000, 0.000000, 1.000000, 0.514439, 0.511283, -0.011074, 0.512861, 51.497126, 51.497126, 0.200558, 0.212191
[ INFO] [1541427402.152138189]: 24.400000, 0.000000, 1.000000, 0.523907, 0.514439, -0.033222, 0.519173, 51.560926, 51.560926, 0.186226, 0.220950
[ INFO] [1541427402.202123977]: 24.450001, 0.000000, 1.000000, 0.520751, 0.511283, -0.033222, 0.516017, 51.591446, 51.591446, 0.187519, 0.222331
[ INFO] [1541427402.252136326]: 24.500000, 0.000000, 1.000000, 0.520751, 0.508127, -0.044296, 0.514439, 51.566829, 51.566829, 0.182258, 0.228732
[ INFO] [1541427402.302121020]: 24.549999, 0.000000, 1.000000, 0.523907, 0.511283, -0.044296, 0.517595, 51.569755, 51.569755, 0.180980, 0.227337
[ INFO] [1541427402.352103788]: 24.600000, 0.000000, 1.000000, 0.520751, 0.517595, -0.011074, 0.519173, 51.698836, 51.698836, 0.197913, 0.209488
[ INFO] [1541427402.402097752]: 24.650000, 0.000000, 1.000000, 0.527063, 0.520751, -0.022148, 0.523907, 51.805955, 51.805955, 0.190122, 0.213183
[ INFO] [1541427402.452097186]: 24.700001, 0.000000, 1.000000, 0.527063, 0.517595, -0.033222, 0.522329, 51.847140, 51.847140, 0.184933, 0.219569
[ INFO] [1541427402.502081672]: 24.750000, 0.000000, 1.000000, 0.533375, 0.520751, -0.044296, 0.527063, 51.879571, 51.879571, 0.177144, 0.223149
[ INFO] [1541427402.552091052]: 24.799999, 0.000000, 1.000000, 0.530219, 0.520751, -0.033222, 0.525485, 51.933423, 51.933423, 0.183639, 0.218188
[ INFO] [1541427402.602079549]: 24.850000, 0.000000, 1.000000, 0.527063, 0.520751, -0.022148, 0.523907, 52.005354, 52.005354, 0.190122, 0.213183
[ INFO] [1541427402.652092263]: 24.900000, 0.000000, 1.000000, 0.527063, 0.523907, -0.011074, 0.525485, 52.115951, 52.115951, 0.195268, 0.206784
[ INFO] [1541427402.702089769]: 24.950001, 0.000000, 1.000000, 0.533375, 0.527063, -0.022148, 0.530219, 52.207640, 52.207640, 0.187506, 0.210450
[ INFO] [1541427402.752096285]: 25.000000, 0.000000, 1.000000, 0.530219, 0.527063, -0.011074, 0.528641, 52.311321, 52.311321, 0.193945, 0.205432
[ INFO] [1541427402.802102385]: 25.049999, 0.000000, 1.000000, 0.536532, 0.536532, 0.000000, 0.536532, 52.494928, 52.494928, 0.196360, 0.196360
[ INFO] [1541427402.852088381]: 25.100000, 0.000000, 1.000000, 0.536532, 0.536532, 0.000000, 0.536532, 52.650994, 52.650994, 0.196360, 0.196360
[ INFO] [1541427402.902085836]: 25.150000, 0.000000, 1.000000, 0.542844, 0.539688, -0.011074, 0.541266, 52.781885, 52.781885, 0.188656, 0.200025
[ INFO] [1541427402.952091206]: 25.200001, 0.000000, 1.000000, 0.542844, 0.542844, 0.000000, 0.542844, 52.941482, 52.941482, 0.193686, 0.193686
[ INFO] [1541427403.002114961]: 25.250000, 0.000000, 1.000000, 0.549156, 0.542844, -0.022148, 0.546000, 53.027186, 53.027186, 0.180967, 0.203618
[ INFO] [1541427403.052117002]: 25.299999, 0.000000, 1.000000, 0.546000, 0.549156, 0.011074, 0.547578, 53.221062, 53.221062, 0.197321, 0.186011
[ INFO] [1541427403.102117636]: 25.350000, 0.000000, 1.000000, 0.552312, 0.549156, -0.011074, 0.550734, 53.336726, 53.336726, 0.184688, 0.195969
[ INFO] [1541427403.152116447]: 25.400000, 0.000000, 1.000000, 0.552312, 0.542844, -0.033222, 0.547578, 53.337973, 53.337973, 0.174587, 0.208520
[ INFO] [1541427403.202114634]: 25.450001, 0.000000, 1.000000, 0.552312, 0.549156, -0.011074, 0.550734, 53.436101, 53.436101, 0.184688, 0.195969
[ INFO] [1541427403.252128028]: 25.500000, 0.000000, 1.000000, 0.558624, 0.552312, -0.022148, 0.555468, 53.518318, 53.518318, 0.177044, 0.199518
[ INFO] [1541427403.302246627]: 25.549999, 0.000000, 1.000000, 0.558624, 0.549156, -0.033222, 0.553890, 53.539746, 53.539746, 0.172001, 0.205757
[ INFO] [1541427403.352085027]: 25.600000, 0.000000, 1.000000, 0.561780, 0.549156, -0.044296, 0.555468, 53.532942, 53.532942, 0.165637, 0.210587
[ INFO] [1541427403.402071079]: 25.650000, 0.000000, 1.000000, 0.564936, 0.552312, -0.044296, 0.558624, 53.551009, 53.551009, 0.164359, 0.209191
[ INFO] [1541427403.452083067]: 25.700001, 0.000000, 1.000000, 0.561780, 0.552312, -0.033222, 0.557046, 53.591243, 53.591243, 0.170708, 0.204376
[ INFO] [1541427403.502082503]: 25.750000, 0.000000, 1.000000, 0.558624, 0.549156, -0.033222, 0.553890, 53.601732, 53.601732, 0.172001, 0.205757
[ INFO] [1541427403.552084544]: 25.799999, 0.000000, 1.000000, 0.561780, 0.549156, -0.044296, 0.555468, 53.585630, 53.585630, 0.165637, 0.210587
[ INFO] [1541427403.602073980]: 25.850000, 0.000000, 0.000000, 0.555468, 0.552312, -0.011074, 0.553890, 49.598520, 49.598520, -0.240309, -0.229057
[ INFO] [1541427403.652088260]: 25.900000, 0.000000, 0.000000, 0.564936, 0.549156, -0.055370, 0.557046, 46.086236, 46.086236, -0.264415, -0.208301
[ INFO] [1541427403.702081863]: 25.950001, 0.000000, 0.000000, 0.555468, 0.542844, -0.044296, 0.549156, 43.078240, 43.078240, -0.255480, -0.210296
[ INFO] [1541427403.752087810]: 26.000000, 0.000000, 0.000000, 0.549156, 0.536532, -0.044296, 0.542844, 40.473743, 40.473743, -0.252924, -0.207505
[ INFO] [1541427403.802080371]: 26.049999, 0.000000, 0.000000, 0.536532, 0.520751, -0.055370, 0.528641, 38.114251, 38.114251, -0.253040, -0.195607
[ INFO] [1541427403.852093193]: 26.100000, 0.000000, 0.000000, 0.530219, 0.498659, -0.110739, 0.514439, 35.801798, 35.801798, -0.277453, -0.161267
[ INFO] [1541427403.902091535]: 26.150000, 0.000000, 0.000000, 0.498659, 0.482878, -0.055370, 0.490768, 33.855201, 33.855201, -0.237874, -0.178681
[ INFO] [1541427403.952082951]: 26.200001, 0.000000, 0.000000, 0.479722, 0.492347, 0.044296, 0.486034, 32.517064, 32.517064, -0.182380, -0.229910
[ INFO] [1541427404.002072805]: 26.250000, 0.000000, 0.000000, 0.476566, 0.470254, -0.022148, 0.473410, 31.052832, 31.052832, -0.212628, -0.188628
[ INFO] [1541427404.052082504]: 26.299999, 0.000000, 0.000000, 0.467098, 0.460786, -0.022148, 0.463942, 29.737529, 29.737529, -0.208705, -0.184529
[ INFO] [1541427404.102077777]: 26.350000, 0.000000, 0.000000, 0.448162, 0.435537, -0.044296, 0.441849, 28.370919, 28.370919, -0.212012, -0.162839
[ INFO] [1541427404.152082633]: 26.400000, 0.000000, 0.000000, 0.426069, 0.413445, -0.044296, 0.419757, 27.042347, 27.042347, -0.203062, -0.153069
[ INFO] [1541427404.202071291]: 26.450001, 0.000000, 0.000000, 0.410289, 0.391352, -0.066443, 0.400821, 25.681594, 25.681594, -0.208346, -0.132301
[ INFO] [1541427404.252082241]: 26.500000, 0.000000, 0.000000, 0.391352, 0.378728, -0.044296, 0.385040, 24.494064, 24.494064, -0.188999, -0.137715
[ INFO] [1541427404.302078347]: 26.549999, 0.000000, 0.000000, 0.366104, 0.356636, -0.033222, 0.361370, 23.351322, 23.351322, -0.172791, -0.133669
[ INFO] [1541427404.352073932]: 26.600000, 0.000000, 0.000000, 0.356636, 0.340855, -0.055370, 0.348745, 22.192680, 22.192680, -0.181001, -0.115211
[ INFO] [1541427404.402071809]: 26.650000, 0.000000, 0.000000, 0.334543, 0.325075, -0.033222, 0.329809, 21.158049, 21.158049, -0.159859, -0.119857
[ INFO] [1541427404.452090623]: 26.700001, 0.000000, 0.000000, 0.318763, 0.302982, -0.055370, 0.310873, 20.040500, 20.040500, -0.165835, -0.098285
[ INFO] [1541427404.502084698]: 26.750000, 0.000000, 0.000000, 0.302982, 0.293514, -0.033222, 0.298248, 19.091599, 19.091599, -0.146928, -0.106046
[ INFO] [1541427404.552093773]: 26.799999, 0.000000, 0.000000, 0.284046, 0.271422, -0.044296, 0.277734, 18.081649, 18.081649, -0.145529, -0.090258
[ INFO] [1541427404.602073213]: 26.850000, 0.000000, 0.000000, 0.258798, 0.271422, 0.044296, 0.265110, 17.518908, 17.518908, -0.084675, -0.140415
[ INFO] [1541427404.652088641]: 26.900000, 0.000000, 0.000000, -0.104150, 0.239861, 1.207057, 0.067855, 20.076003, 20.076003, 0.663627, -1.055066
[ INFO] [1541427404.702094018]: 26.950001, 0.000000, 0.000000, -0.056809, 0.100994, 0.553696, 0.022092, 19.876918, 19.876918, 0.360331, -0.449319
[ INFO] [1541427404.752089551]: 27.000000, 0.000000, 0.000000, 0.053653, 0.094682, 0.143961, 0.074168, 18.166183, 18.166183, 0.068312, -0.135908
[ INFO] [1541427404.802077741]: 27.049999, 0.000000, 0.000000, 0.037873, 0.041029, 0.011074, 0.039451, 15.791172, 15.791172, -0.008713, -0.024744
[ INFO] [1541427404.852150511]: 27.100000, 0.000000, 0.000000, 0.041029, 0.088370, 0.166109, 0.064699, 14.737044, 14.737044, 0.087905, -0.149052
[ INFO] [1541427404.902124535]: 27.150000, 0.000000, 0.000000, -0.028405, 0.072590, 0.354365, 0.022092, 14.462844, 14.462844, 0.235337, -0.282839
[ INFO] [1541427404.952133036]: 27.200001, 0.000000, 0.000000, -0.022092, 0.018936, 0.143961, -0.001578, 13.049292, 13.049292, 0.104978, -0.108390
[ INFO] [1541427405.002102112]: 27.250000, 0.000000, 0.000000, -0.006312, -0.009468, -0.011074, -0.007890, 10.972469, 10.972469, -0.004907, 0.011565
[ INFO] [1541427405.052151709]: 27.299999, 0.000000, 0.000000, -0.000000, 0.003156, 0.011074, 0.001578, 9.398762, 9.398762, 0.007509, -0.008874
[ INFO] [1541427405.102075112]: 27.350000, 0.000000, 0.000000, 0.006312, -0.006312, -0.044296, 0.000000, 7.743886, 7.743886, -0.033021, 0.032572
[ INFO] [1541427405.152602869]: 27.400000, 0.000000, 0.000000, -0.003156, -0.025249, -0.077517, -0.014202, 6.041379, 6.041379, -0.052527, 0.063184
[ INFO] [1541427405.202083372]: 27.450001, 0.000000, 0.000000, -0.034717, -0.031561, 0.011074, -0.033139, 4.952729, 4.952729, 0.022379, 0.005673
[ INFO] [1541427405.252077242]: 27.500000, 0.000000, 0.000000, 0.009468, -0.009468, -0.066444, 0.000000, 3.840606, 3.840606, -0.049701, 0.048689
[ INFO] [1541427405.302075278]: 27.549999, 0.000000, 0.000000, -0.000000, -0.015780, -0.055370, -0.007890, 2.897534, 2.897534, -0.038187, 0.044170
[ INFO] [1541427405.352081647]: 27.600000, 0.000000, 0.000000, -0.000000, -0.003156, -0.011074, -0.001578, 2.390330, 2.390330, -0.007552, 0.008861
[ INFO] [1541427405.402072235]: 27.650000, 0.000000, 0.000000, -0.000000, -0.009468, -0.033222, -0.004734, 1.812825, 1.812825, -0.022784, 0.026543
[ INFO] [1541427405.452101521]: 27.700001, 0.000000, 0.000000, -0.000000, -0.000000, 0.000000, -0.000000, 1.540901, 1.540901, 0.000000, 0.000000
[ INFO] [1541427405.502107109]: 27.750000, 0.000000, 0.000000, -0.000000, -0.000000, 0.000000, -0.000000, 1.309766, 1.309766, 0.000000, 0.000000
[ INFO] [1541427405.552082229]: 27.799999, 0.000000, 0.000000, -0.000000, -0.000000, 0.000000, -0.000000, 1.113301, 1.113301, 0.000000, 0.000000
[ INFO] [1541427405.602077244]: 27.850000, 0.000000, 0.000000, -0.000000, -0.000000, 0.000000, -0.000000, 0.946306, 0.946306, 0.000000, 0.000000
[ INFO] [1541427405.652085645]: 27.900000, 0.000000, 0.000000, -0.000000, -0.000000, 0.000000, -0.000000, 0.804360, 0.804360, 0.000000, 0.000000
[ INFO] [1541427405.702099358]: 27.950001, 0.000000, 0.000000, -0.000000, -0.000000, 0.000000, -0.000000, 0.683706, 0.683706, 0.000000, 0.000000
[ INFO] [1541427405.752107133]: 28.000000, 0.000000, 0.000000, -0.000000, -0.000000, 0.000000, -0.000000, 0.581150, 0.581150, 0.000000, 0.000000
[ INFO] [1541427405.802217457]: 28.049999, 0.000000, 0.000000, -0.000000, -0.000000, 0.000000, -0.000000, 0.493978, 0.493978, 0.000000, 0.000000
[ INFO] [1541427405.852089664]: 28.100000, 0.000000, 0.000000, -0.000000, -0.000000, 0.000000, -0.000000, 0.419881, 0.419881, 0.000000, 0.000000
[ INFO] [1541427405.902159156]: 28.150000, 0.000000, 0.000000, -0.000000, -0.000000, 0.000000, -0.000000, 0.356899, 0.356899, 0.000000, 0.000000
[ INFO] [1541427405.952083080]: 28.200001, 0.000000, 0.000000, -0.000000, -0.000000, 0.000000, -0.000000, 0.303364, 0.303364, 0.000000, 0.000000
[ INFO] [1541427406.002077263]: 28.250000, 0.000000, 0.000000, -0.000000, -0.000000, 0.000000, -0.000000, 0.257859, 0.257859, 0.000000, 0.000000
[ INFO] [1541427406.052091447]: 28.299999, 0.000000, 0.000000, -0.000000, -0.000000, 0.000000, -0.000000, 0.219181, 0.219181, 0.000000, 0.000000
[ INFO] [1541427406.102075164]: 28.350000, 0.000000, 0.000000, -0.000000, -0.000000, 0.000000, -0.000000, 0.186303, 0.186303, 0.000000, 0.000000
[ INFO] [1541427406.152084557]: 28.400000, 0.000000, 0.000000, -0.000000, -0.000000, 0.000000, -0.000000, 0.158358, 0.158358, 0.000000, 0.000000
[ INFO] [1541427406.202057076]: 28.450001, 0.000000, 0.000000, -0.000000, -0.000000, 0.000000, -0.000000, 0.134604, 0.134604, 0.000000, 0.000000
[ INFO] [1541427406.252064334]: 28.500000, 0.000000, 0.000000, -0.000000, -0.000000, 0.000000, -0.000000, 0.114414, 0.114414, 0.000000, 0.000000
[ INFO] [1541427406.302065394]: 28.549999, 0.000000, 0.000000, -0.000000, -0.000000, 0.000000, -0.000000, 0.097252, 0.097252, 0.000000, 0.000000
[ INFO] [1541427406.352067443]: 28.600000, 0.000000, 0.000000, -0.000000, -0.000000, 0.000000, -0.000000, 0.082664, 0.082664, 0.000000, 0.000000
[ INFO] [1541427406.402059545]: 28.650000, 0.000000, 0.000000, -0.000000, -0.000000, 0.000000, -0.000000, 0.070264, 0.070264, 0.000000, 0.000000
[ INFO] [1541427406.452066594]: 28.700001, 0.000000, 0.000000, -0.000000, -0.000000, 0.000000, -0.000000, 0.059725, 0.059725, 0.000000, 0.000000
[ INFO] [1541427406.502086560]: 28.750000, 0.000000, 0.000000, -0.000000, -0.000000, 0.000000, -0.000000, 0.050766, 0.050766, 0.000000, 0.000000
[ INFO] [1541427406.552086005]: 28.799999, 0.000000, 0.000000, -0.000000, -0.000000, 0.000000, -0.000000, 0.043151, 0.043151, 0.000000, 0.000000
[ INFO] [1541427406.602078055]: 28.850000, 0.000000, 0.000000, -0.000000, -0.000000, 0.000000, -0.000000, 0.036678, 0.036678, 0.000000, 0.000000
[ INFO] [1541427406.652071355]: 28.900000, 0.000000, 0.000000, -0.000000, -0.000000, 0.000000, -0.000000, 0.031177, 0.031177, 0.000000, 0.000000
[ INFO] [1541427406.702063926]: 28.950001, 0.000000, 0.000000, -0.000000, -0.000000, 0.000000, -0.000000, 0.026500, 0.026500, 0.000000, 0.000000
[ INFO] [1541427406.752104255]: 29.000000, 0.000000, 0.000000, -0.000000, -0.000000, 0.000000, -0.000000, 0.022525, 0.022525, 0.000000, 0.000000
[ INFO] [1541427406.802087607]: 29.049999, 0.000000, 0.000000, -0.000000, -0.000000, 0.000000, -0.000000, 0.019146, 0.019146, 0.000000, 0.000000
[ INFO] [1541427406.852106062]: 29.100000, 0.000000, 0.000000, -0.000000, -0.000000, 0.000000, -0.000000, 0.016274, 0.016274, 0.000000, 0.000000