[ INFO] [1541427587.277808985]: 0.050000, 0.000000, 0.000000, 0.000000, 0.000000, 0.000000, 0.000000, 0.000000, 0.000000, 0.000000, 0.000000
[ INFO] [1541427587.278156995]: 0.100000, 0.000000, 0.000000, 0.000000, 0.000000, 0.000000, 0.000000, 0.000000, 0.000000, 0.000000, 0.000000
[ INFO] [1541427587.284242436]: 0.150000, 0.000000, 0.000000, 0.000000, 0.000000, 0.000000, 0.000000, 0.000000, 0.000000, 0.000000, 0.000000
[ INFO] [1541427587.334265866]: 0.200000, 0.000000, 0.000000, 0.000000, 0.000000, 0.000000, 0.000000, 0.000000, 0.000000, 0.000000, 0.000000
[ INFO] [1541427587.384271902]: 0.250000, 0.000000, 0.000000, 0.000000, 0.000000, 0.000000, 0.000000, 0.000000, 0.000000, 0.000000, 0.000000
[ INFO] [1541427587.434347778]: 0.300000, 0.000000, 0.000000, 0.000000, 0.000000, 0.000000, 0.000000, 0.000000, 0.000000, 0.000000, 0.000000
[ INFO] [1541427587.484304544]: 0.350000, 0.000000, 0.000000, 0.000000, 0.000000, 0.000000, 0.000000, 0.000000, 0.000000, 0.000000, 0.000000
[ INFO] [1541427587.534320788]: 0.400000, 0.000000, 0.000000, -0.000000, -0.000000, 0.000000, -0.000000, 0.000000, 0.000000, 0.000000, 0.000000
[ INFO] [1541427587.584316511]: 0.450000, 0.000000, 0.000000, -0.000000, -0.000000, 0.000000, -0.000000, 0.000000, 0.000000, 0.000000, 0.000000
[ INFO] [1541427587.634323171]: 0.500000, 0.000000, 0.000000, -0.000000, -0.000000, 0.000000, -0.000000, 0.000000, 0.000000, 0.000000, 0.000000
[ INFO] [1541427587.684307436]: 0.550000, 0.000000, 0.000000, -0.000000, -0.000000, 0.000000, -0.000000, 0.000000, 0.000000, 0.000000, 0.000000
[ INFO] [1541427587.734335033]: 0.600000, 0.000000, 0.000000, -0.000000, -0.000000, 0.000000, -0.000000, 0.000000, 0.000000, 0.000000, 0.000000
[ INFO] [1541427587.784352995]: 0.650000, 0.000000, 0.000000, -0.000000, -0.000000, 0.000000, -0.000000, 0.000000, 0.000000, 0.000000, 0.000000
[ INFO] [1541427587.834319448]: 0.700000, 0.000000, 0.000000, -0.000000, -0.000000, 0.000000, -0.000000, 0.000000, 0.000000, 0.000000, 0.000000
[ INFO] [1541427587.884312150]: 0.750000, 0.000000, 0.000000, -0.000000, -0.000000, 0.000000, -0.000000, 0.000000, 0.000000, 0.000000, 0.000000
[ INFO] [1541427587.934310529]: 0.800000, 0.000000, 0.000000, -0.000000, -0.000000, 0.000000, -0.000000, 0.000000, 0.000000, 0.000000, 0.000000
[ INFO] [1541427587.984318179]: 0.850000, 0.000000, 0.000000, -0.000000, -0.000000, 0.000000, -0.000000, 0.000000, 0.000000, 0.000000, 0.000000
[ INFO] [1541427588.034326975]: 0.900000, 0.000000, 0.000000, -0.000000, -0.000000, 0.000000, -0.000000, 0.000000, 0.000000, 0.000000, 0.000000
[ INFO] [1541427588.084302387]: 0.950000, 0.000000, 0.000000, -0.000000, -0.000000, 0.000000, -0.000000, 0.000000, 0.000000, 0.000000, 0.000000
[ INFO] [1541427588.134303631]: 1.000000, 0.000000, 0.000000, -0.000000, -0.000000, 0.000000, -0.000000, 0.000000, 0.000000, 0.000000, 0.000000
[ INFO] [1541427588.184313782]: 1.050000, 0.000000, 0.000000, -0.000000, -0.000000, 0.000000, -0.000000, 0.000000, 0.000000, 0.000000, 0.000000
[ INFO] [1541427588.234307474]: 1.100000, 0.000000, 0.000000, -0.000000, -0.000000, 0.000000, -0.000000, 0.000000, 0.000000, 0.000000, 0.000000
[ INFO] [1541427588.284353353]: 1.150000, 0.000000, 0.000000, -0.000000, -0.000000, 0.000000, -0.000000, 0.000000, 0.000000, 0.000000, 0.000000
[ INFO] [1541427588.334403710]: 1.200000, 0.000000, 0.000000, -0.000000, -0.000000, 0.000000, -0.000000, 0.000000, 0.000000, 0.000000, 0.000000
[ INFO] [1541427588.384391830]: 1.250000, 0.000000, 0.000000, -0.000000, -0.000000, 0.000000, -0.000000, 0.000000, 0.000000, 0.000000, 0.000000
[ INFO] [1541427588.434422032]: 1.300000, 0.000000, 0.000000, -0.000000, -0.000000, 0.000000, -0.000000, 0.000000, 0.000000, 0.000000, 0.000000
[ INFO] [1541427588.484399631]: 1.350000, 0.000000, 0.000000, -0.000000, -0.000000, 0.000000, -0.000000, 0.000000, 0.000000, 0.000000, 0.000000
[ INFO] [1541427588.534371345]: 1.400000, 0.000000, 0.000000, -0.000000, -0.000000, 0.000000, -0.000000, 0.000000, 0.000000, 0.000000, 0.000000
[ INFO] [1541427588.584406391]: 1.450000, 0.000000, 0.000000, -0.000000, -0.000000, 0.000000, -0.000000, 0.000000, 0.000000, 0.000000, 0.000000
[ INFO] [1541427588.634355553]: 1.500000, 0.000000, 0.000000, -0.000000, -0.000000, 0.000000, -0.000000, 0.000000, 0.000000, 0.000000, 0.000000
[ INFO] [1541427588.684292008]: 1.550000, 0.000000, 0.000000, -0.000000, -0.000000, 0.000000, -0.000000, 0.000000, 0.000000, 0.000000, 0.000000
[ INFO] [1541427588.734378927]: 1.600000, 0.000000, 0.000000, -0.000000, -0.000000, 0.000000, -0.000000, 0.000000, 0.000000, 0.000000, 0.000000
[ INFO] [1541427588.784301059]: 1.650000, 0.000000, 0.000000, -0.000000, -0.000000, 0.000000, -0.000000, 0.000000, 0.000000, 0.000000, 0.000000
[ INFO] [1541427588.834251420]: 1.700000, 0.000000, 0.000000, -0.000000, -0.000000, 0.000000, -0.000000, 0.000000, 0.000000, 0.000000, 0.000000
[ INFO] [1541427588.884304486]: 1.750000, 0.000000, 0.000000, -0.000000, -0.000000, 0.000000, -0.000000, 0.000000, 0.000000, 0.000000, 0.000000
[ INFO] [1541427588.934263075]: 1.800000, 0.000000, 0.000000, -0.000000, -0.000000, 0.000000, -0.000000, 0.000000, 0.000000, 0.000000, 0.000000
[ INFO] [1541427588.984233331]: 1.850000, 0.000000, 0.000000, -0.000000, -0.000000, 0.000000, -0.000000, 0.000000, 0.000000, 0.000000, 0.000000
[ INFO] [1541427589.034325719]: 1.900000, 0.000000, 0.000000, -0.000000, -0.000000, 0.000000, -0.000000, 0.000000, 0.000000, 0.000000, 0.000000
[ INFO] [1541427589.084303162]: 1.950000, 0.000000, 0.000000, -0.000000, -0.000000, 0.000000, -0.000000, 0.000000, 0.000000, 0.000000, 0.000000
[ INFO] [1541427589.134310918]: 2.000000, 0.000000, 0.000000, -0.000000, -0.000000, 0.000000, -0.000000, 0.000000, 0.000000, 0.000000, 0.000000
[ INFO] [1541427589.184311434]: 2.050000, 0.000000, 0.000000, -0.000000, -0.000000, 0.000000, -0.000000, 0.000000, 0.000000, 0.000000, 0.000000
[ INFO] [1541427589.234315804]: 2.100000, 0.000000, 0.000000, -0.000000, -0.000000, 0.000000, -0.000000, 0.000000, 0.000000, 0.000000, 0.000000
[ INFO] [1541427589.284297570]: 2.150000, 0.000000, 0.000000, -0.000000, -0.000000, 0.000000, -0.000000, 0.000000, 0.000000, 0.000000, 0.000000
[ INFO] [1541427589.334338710]: 2.200000, 0.000000, 0.000000, -0.000000, -0.000000, 0.000000, -0.000000, 0.000000, 0.000000, 0.000000, 0.000000
[ INFO] [1541427589.384311987]: 2.250000, 0.000000, 0.000000, -0.000000, -0.000000, 0.000000, -0.000000, 0.000000, 0.000000, 0.000000, 0.000000
[ INFO] [1541427589.434314274]: 2.300000, 0.000000, 0.000000, -0.000000, -0.000000, 0.000000, -0.000000, 0.000000, 0.000000, 0.000000, 0.000000
[ INFO] [1541427589.484299113]: 2.350000, 0.000000, 0.000000, -0.000000, -0.000000, 0.000000, -0.000000, 0.000000, 0.000000, 0.000000, 0.000000
[ INFO] [1541427589.534329472]: 2.400000, 0.000000, 0.000000, -0.000000, -0.000000, 0.000000, -0.000000, 0.000000, 0.000000, 0.000000, 0.000000
[ INFO] [1541427589.584308010]: 2.450000, 0.000000, 0.000000, -0.000000, -0.000000, 0.000000, -0.000000, 0.000000, 0.000000, 0.000000, 0.000000
[ INFO] [1541427589.634313369]: 2.500000, 0.000000, 0.000000, -0.000000, -0.000000, 0.000000, -0.000000, 0.000000, 0.000000, 0.000000, 0.000000
[ INFO] [1541427589.684307271]: 2.550000, 0.000000, 0.000000, -0.000000, -0.000000, 0.000000, -0.000000, 0.000000, 0.000000, 0.000000, 0.000000
[ INFO] [1541427589.734317266]: 2.600000, 0.000000, 0.000000, -0.000000, -0.000000, 0.000000, -0.000000, 0.000000, 0.000000, 0.000000, 0.000000
[ INFO] [1541427589.784316480]: 2.650000, 0.000000, 0.000000, -0.000000, -0.000000, 0.000000, -0.000000, 0.000000, 0.000000, 0.000000, 0.000000
[ INFO] [1541427589.834322725]: 2.700000, 0.000000, 0.000000, -0.000000, -0.000000, 0.000000, -0.000000, 0.000000, 0.000000, 0.000000, 0.000000
[ INFO] [1541427589.884315845]: 2.750000, 0.000000, 0.000000, -0.000000, -0.000000, 0.000000, -0.000000, 0.000000, 0.000000, 0.000000, 0.000000
[ INFO] [1541427589.934314903]: 2.800000, 0.000000, 0.000000, -0.000000, -0.000000, 0.000000, -0.000000, 0.000000, 0.000000, 0.000000, 0.000000
[ INFO] [1541427589.984315367]: 2.850000, 0.000000, 0.000000, -0.000000, -0.000000, 0.000000, -0.000000, 0.000000, 0.000000, 0.000000, 0.000000
[ INFO] [1541427590.034317081]: 2.900000, 0.000000, 0.000000, -0.000000, -0.000000, 0.000000, -0.000000, 0.000000, 0.000000, 0.000000, 0.000000
[ INFO] [1541427590.084305931]: 2.950000, 0.000000, 0.000000, -0.000000, -0.000000, 0.000000, -0.000000, 0.000000, 0.000000, 0.000000, 0.000000
[ INFO] [1541427590.134315562]: 3.000000, 0.000000, 0.000000, -0.000000, -0.000000, 0.000000, -0.000000, 0.000000, 0.000000, 0.000000, 0.000000
[ INFO] [1541427590.184313892]: 3.050000, 0.000000, 0.000000, -0.000000, -0.000000, 0.000000, -0.000000, 0.000000, 0.000000, 0.000000, 0.000000
[ INFO] [1541427590.234317325]: 3.100000, 0.000000, 0.000000, -0.000000, -0.000000, 0.000000, -0.000000, 0.000000, 0.000000, 0.000000, 0.000000
[ INFO] [1541427590.284310133]: 3.150000, 0.000000, 0.000000, -0.000000, -0.000000, 0.000000, -0.000000, 0.000000, 0.000000, 0.000000, 0.000000
[ INFO] [1541427590.334315285]: 3.200000, 0.000000, 0.000000, -0.000000, -0.000000, 0.000000, -0.000000, 0.000000, 0.000000, 0.000000, 0.000000
[ INFO] [1541427590.384307886]: 3.250000, 0.000000, 0.000000, -0.000000, -0.000000, 0.000000, -0.000000, 0.000000, 0.000000, 0.000000, 0.000000
[ INFO] [1541427590.434329964]: 3.300000, 0.000000, 0.000000, -0.000000, -0.000000, 0.000000, -0.000000, 0.000000, 0.000000, 0.000000, 0.000000
[ INFO] [1541427590.484332200]: 3.350000, 0.000000, 0.000000, -0.000000, -0.000000, 0.000000, -0.000000, 0.000000, 0.000000, 0.000000, 0.000000
[ INFO] [1541427590.534316883]: 3.400000, 0.000000, 0.000000, -0.000000, -0.000000, 0.000000, -0.000000, 0.000000, 0.000000, 0.000000, 0.000000
[ INFO] [1541427590.584325473]: 3.450000, 0.000000, 0.000000, -0.000000, -0.000000, 0.000000, -0.000000, 0.000000, 0.000000, 0.000000, 0.000000
[ INFO] [1541427590.634310521]: 3.500000, 0.000000, 0.000000, -0.000000, -0.000000, 0.000000, -0.000000, 0.000000, 0.000000, 0.000000, 0.000000
[ INFO] [1541427590.684328902]: 3.550000, 0.000000, 0.000000, -0.000000, -0.000000, 0.000000, -0.000000, 0.000000, 0.000000, 0.000000, 0.000000
[ INFO] [1541427590.734318013]: 3.600000, 0.000000, 0.000000, -0.000000, -0.000000, 0.000000, -0.000000, 0.000000, 0.000000, 0.000000, 0.000000
[ INFO] [1541427590.784337435]: 3.650000, 0.000000, 0.000000, -0.000000, -0.000000, 0.000000, -0.000000, 0.000000, 0.000000, 0.000000, 0.000000
[ INFO] [1541427590.834316650]: 3.700000, 0.000000, 0.000000, -0.000000, -0.000000, 0.000000, -0.000000, 0.000000, 0.000000, 0.000000, 0.000000
[ INFO] [1541427590.884324875]: 3.750000, 0.000000, 0.000000, -0.000000, -0.000000, 0.000000, -0.000000, 0.000000, 0.000000, 0.000000, 0.000000
[ INFO] [1541427590.934317111]: 3.800000, 0.000000, 0.000000, -0.000000, -0.000000, 0.000000, -0.000000, 0.000000, 0.000000, 0.000000, 0.000000
[ INFO] [1541427590.984315336]: 3.850000, 0.000000, 1.000000, -0.000000, -0.000000, 0.000000, -0.000000, 5.428689, 5.428689, 0.564900, 0.564900
[ INFO] [1541427591.034327571]: 3.900000, 0.000000, 1.000000, -0.000000, -0.000000, 0.000000, -0.000000, 10.043074, 10.043074, 0.564900, 0.564900
[ INFO] [1541427591.084313402]: 3.950000, 0.000000, 1.000000, -0.000000, -0.000000, 0.000000, -0.000000, 13.965302, 13.965302, 0.564900, 0.564900
[ INFO] [1541427591.134326731]: 4.000000, 0.000000, 1.000000, -0.000000, -0.000000, 0.000000, -0.000000, 17.299196, 17.299196, 0.564900, 0.564900
[ INFO] [1541427591.184327040]: 4.050000, 0.000000, 1.000000, 0.003156, 0.006312, 0.011074, 0.004734, 20.221889, 20.221889, 0.570389, 0.554035
[ INFO] [1541427591.234335370]: 4.100000, 0.000000, 1.000000, 0.006312, 0.009468, 0.011074, 0.007890, 22.725042, 22.725042, 0.568591, 0.552266
[ INFO] [1541427591.284318336]: 4.150000, 0.000000, 1.000000, 0.009468, 0.018936, 0.033222, 0.014202, 25.009550, 25.009550, 0.581150, 0.532351
[ INFO] [1541427591.334327238]: 4.200000, 0.000000, 1.000000, 0.022092, 0.031561, 0.033222, 0.026827, 27.025704, 27.025704, 0.573843, 0.525396
[ INFO] [1541427591.384326454]: 4.250000, 0.000000, 1.000000, 0.031561, 0.037873, 0.022148, 0.034717, 28.727389, 28.727389, 0.561308, 0.529157
[ INFO] [1541427591.434336814]: 4.300000, 0.000000, 1.000000, 0.050497, 0.050497, 0.000000, 0.050497, 30.151028, 30.151028, 0.536374, 0.536374
[ INFO] [1541427591.484319364]: 4.350000, 0.000000, 1.000000, 0.059965, 0.063121, 0.011074, 0.061543, 31.485477, 31.485477, 0.538033, 0.522207
[ INFO] [1541427591.534332485]: 4.400000, 0.000000, 1.000000, 0.069433, 0.078902, 0.033222, 0.074168, 32.808957, 32.808957, 0.546440, 0.499312
[ INFO] [1541427591.584324148]: 4.450000, 0.000000, 1.000000, 0.085214, 0.088370, 0.011074, 0.086792, 33.895619, 33.895619, 0.523653, 0.508061
[ INFO] [1541427591.634336853]: 4.500000, 0.000000, 1.000000, 0.091526, 0.104150, 0.044296, 0.097838, 35.052347, 35.052347, 0.540385, 0.478428
[ INFO] [1541427591.684317475]: 4.550000, 0.000000, 1.000000, 0.104150, 0.110462, 0.022148, 0.107306, 35.980638, 35.980638, 0.519628, 0.488825
[ INFO] [1541427591.734331117]: 4.600000, 0.000000, 1.000000, 0.119931, 0.132555, 0.044296, 0.126243, 36.990574, 36.990574, 0.523811, 0.462910
[ INFO] [1541427591.784339967]: 4.650000, 0.000000, 1.000000, 0.126243, 0.135711, 0.033222, 0.130977, 37.822747, 37.822747, 0.513557, 0.468013
[ INFO] [1541427591.834325173]: 4.700000, 0.000000, 1.000000, 0.138867, 0.151491, 0.044296, 0.145179, 38.667007, 38.667007, 0.512762, 0.452565
[ INFO] [1541427591.884336159]: 4.750000, 0.000000, 1.000000, 0.151491, 0.167272, 0.055370, 0.159381, 39.520003, 39.520003, 0.511808, 0.437220
[ INFO] [1541427591.934325426]: 4.800000, 0.000000, 1.000000, 0.164116, 0.176740, 0.044296, 0.170428, 40.257196, 40.257196, 0.498030, 0.438771
[ INFO] [1541427591.984322402]: 4.850000, 0.000000, 1.000000, 0.173584, 0.189364, 0.055370, 0.181474, 40.999757, 40.999757, 0.498815, 0.425254
[ INFO] [1541427592.034320732]: 4.900000, 0.000000, 1.000000, 0.186208, 0.198832, 0.044296, 0.192520, 41.644067, 41.644067, 0.485140, 0.426701
[ INFO] [1541427592.084318907]: 4.950000, 0.000000, 1.000000, 0.198832, 0.211457, 0.044296, 0.205144, 42.265491, 42.265491, 0.477774, 0.419805
[ INFO] [1541427592.134321144]: 5.000000, 0.000000, 1.000000, 0.205144, 0.224081, 0.066444, 0.214613, 42.948608, 42.948608, 0.486372, 0.399947
[ INFO] [1541427592.184329526]: 5.050000, 0.000000, 1.000000, 0.220925, 0.236705, 0.055370, 0.228815, 43.561945, 43.561945, 0.470972, 0.399610
[ INFO] [1541427592.234339523]: 5.100000, 0.000000, 1.000000, 0.236705, 0.252485, 0.055370, 0.244595, 44.174778, 44.174778, 0.461691, 0.391063
[ INFO] [1541427592.284325875]: 5.150000, 0.000000, 1.000000, 0.243017, 0.258798, 0.055370, 0.250907, 44.732284, 44.732284, 0.457979, 0.387643
[ INFO] [1541427592.334343007]: 5.200000, 0.000000, 1.000000, 0.258798, 0.277734, 0.066444, 0.268266, 45.354074, 45.354074, 0.454568, 0.371133
[ INFO] [1541427592.384319932]: 5.250000, 0.000000, 1.000000, 0.265110, 0.280890, 0.055370, 0.273000, 45.862780, 45.862780, 0.444986, 0.375677
[ INFO] [1541427592.434339825]: 5.300000, 0.000000, 1.000000, 0.284046, 0.293514, 0.033222, 0.288780, 46.293171, 46.293171, 0.422214, 0.381069
[ INFO] [1541427592.484316541]: 5.350000, 0.000000, 1.000000, 0.293514, 0.306139, 0.044296, 0.299826, 46.770431, 46.770431, 0.422528, 0.368078
[ INFO] [1541427592.534348621]: 5.400000, 0.000000, 1.000000, 0.302982, 0.321919, 0.066443, 0.312451, 47.340714, 47.340714, 0.428376, 0.347405
[ INFO] [1541427592.584320598]: 5.450000, 0.000000, 1.000000, 0.312451, 0.331387, 0.066444, 0.321919, 47.879929, 47.879929, 0.422764, 0.342320
[ INFO] [1541427592.634335335]: 5.500000, 0.000000, 1.000000, 0.309295, 0.331387, 0.077518, 0.320341, 48.373852, 48.373852, 0.430228, 0.336274
[ INFO] [1541427592.684330488]: 5.550000, 0.000000, 1.000000, 0.328231, 0.344011, 0.055370, 0.336121, 48.795575, 48.795575, 0.407862, 0.341485
[ INFO] [1541427592.734351370]: 5.600000, 0.000000, 1.000000, 0.321919, 0.331387, 0.033222, 0.326653, 49.009019, 49.009019, 0.400292, 0.360202
[ INFO] [1541427592.784330899]: 5.650000, 0.000000, 1.000000, 0.334543, 0.350323, 0.055370, 0.342433, 49.372065, 49.372065, 0.404150, 0.338066
[ INFO] [1541427592.834338969]: 5.700000, 0.000000, 1.000000, 0.334543, 0.350323, 0.055370, 0.342433, 49.680654, 49.680654, 0.404150, 0.338066
[ INFO] [1541427592.884329904]: 5.750000, 0.000000, 1.000000, 0.344011, 0.359792, 0.055370, 0.351902, 49.997853, 49.997853, 0.398581, 0.332938
[ INFO] [1541427592.934368442]: 5.800000, 0.000000, 1.000000, 0.350323, 0.372416, 0.077517, 0.361370, 50.408313, 50.408313, 0.405716, 0.314431
[ INFO] [1541427592.984349325]: 5.850000, 0.000000, 1.000000, 0.356636, 0.356636, 0.000000, 0.356636, 50.423169, 50.423169, 0.363437, 0.363437
[ INFO] [1541427593.034355677]: 5.900000, 0.000000, 1.000000, 0.362948, 0.372416, 0.033222, 0.367682, 50.634026, 50.634026, 0.376543, 0.337597
[ INFO] [1541427593.084345623]: 5.950000, 0.000000, 1.000000, 0.362948, 0.375572, 0.044296, 0.369260, 50.865839, 50.865839, 0.382015, 0.330145
[ INFO] [1541427593.134351038]: 6.000000, 0.000000, 1.000000, 0.381884, 0.385040, 0.011074, 0.383462, 51.017069, 51.017069, 0.354686, 0.341850
[ INFO] [1541427593.184363587]: 6.050000, 0.000000, 1.000000, 0.381884, 0.391352, 0.033222, 0.386618, 51.250327, 51.250327, 0.365582, 0.327164
[ INFO] [1541427593.234630348]: 6.100000, 0.000000, 1.000000, 0.381884, 0.400821, 0.066444, 0.391352, 51.602583, 51.602583, 0.381606, 0.305032
[ INFO] [1541427593.284349886]: 6.150000, 0.000000, 1.000000, 0.385040, 0.403977, 0.066443, 0.394508, 51.920158, 51.920158, 0.379735, 0.303338
[ INFO] [1541427593.334340196]: 6.200000, 0.000000, 1.000000, 0.391352, 0.407133, 0.055370, 0.399243, 52.175919, 52.175919, 0.370739, 0.307294
[ INFO] [1541427593.384340403]: 6.250000, 0.000000, 1.000000, 0.394508, 0.410289, 0.055370, 0.402399, 52.411615, 52.411615, 0.368883, 0.305585
[ INFO] [1541427593.434346182]: 6.300000, 0.000000, 1.000000, 0.397665, 0.403977, 0.022148, 0.400821, 52.477149, 52.477149, 0.351094, 0.325746
[ INFO] [1541427593.484338992]: 6.350000, 0.000000, 1.000000, 0.407133, 0.407133, 0.000000, 0.407133, 52.485738, 52.485738, 0.334911, 0.334911
[ INFO] [1541427593.534349875]: 6.400000, 0.000000, 1.000000, 0.403977, 0.413445, 0.033222, 0.408711, 52.628762, 52.628762, 0.352794, 0.314991
[ INFO] [1541427593.584327791]: 6.450000, 0.000000, 1.000000, 0.407133, 0.419757, 0.044296, 0.413445, 52.819526, 52.819526, 0.356234, 0.306006
[ INFO] [1541427593.634334403]: 6.500000, 0.000000, 1.000000, 0.410289, 0.416601, 0.022148, 0.413445, 52.898761, 52.898761, 0.343846, 0.318732
[ INFO] [1541427593.684318933]: 6.550000, 0.000000, 1.000000, 0.413445, 0.410289, -0.011074, 0.411867, 52.830141, 52.830141, 0.325937, 0.338508
[ INFO] [1541427593.734333462]: 6.600000, 0.000000, 1.000000, 0.410289, 0.416601, 0.022148, 0.413445, 52.907784, 52.907784, 0.343846, 0.318732
[ INFO] [1541427593.784339293]: 6.650000, 0.000000, 1.000000, 0.403977, 0.419757, 0.055370, 0.411867, 53.088597, 53.088597, 0.363314, 0.300456
[ INFO] [1541427593.834358665]: 6.700000, 0.000000, 1.000000, 0.410289, 0.416601, 0.022148, 0.413445, 53.127472, 53.127472, 0.343846, 0.318732
[ INFO] [1541427593.884330018]: 6.750000, 0.000000, 1.000000, 0.413445, 0.422913, 0.033222, 0.418179, 53.229979, 53.229979, 0.347314, 0.309775
[ INFO] [1541427593.934330485]: 6.800000, 0.000000, 1.000000, 0.410289, 0.419757, 0.033222, 0.415023, 53.298529, 53.298529, 0.349140, 0.311514
[ INFO] [1541427593.984335066]: 6.850000, 0.000000, 1.000000, 0.416601, 0.426069, 0.033222, 0.421335, 53.393958, 53.393958, 0.345487, 0.308036
[ INFO] [1541427594.034347512]: 6.900000, 0.000000, 1.000000, 0.416601, 0.426069, 0.033222, 0.421335, 53.475073, 53.475073, 0.345487, 0.308036
[ INFO] [1541427594.084324803]: 6.950000, 0.000000, 1.000000, 0.419757, 0.426069, 0.022148, 0.422913, 53.512142, 53.512142, 0.338409, 0.313471
[ INFO] [1541427594.134328239]: 7.000000, 0.000000, 1.000000, 0.426069, 0.432381, 0.022148, 0.429225, 53.581094, 53.581094, 0.334785, 0.309964
[ INFO] [1541427594.184330894]: 7.050000, 0.000000, 1.000000, 0.426069, 0.438693, 0.044296, 0.432381, 53.739648, 53.739648, 0.345185, 0.295661
[ INFO] [1541427594.234334486]: 7.100000, 0.000000, 1.000000, 0.426069, 0.435537, 0.033222, 0.430803, 53.824653, 53.824653, 0.340006, 0.302819
[ INFO] [1541427594.284325266]: 7.150000, 0.000000, 1.000000, 0.432381, 0.438693, 0.022148, 0.435537, 53.884172, 53.884172, 0.331160, 0.306457
[ INFO] [1541427594.334333702]: 7.200000, 0.000000, 1.000000, 0.429225, 0.441849, 0.044296, 0.435537, 54.015705, 54.015705, 0.343343, 0.293937
[ INFO] [1541427594.384331617]: 7.250000, 0.000000, 1.000000, 0.438693, 0.445006, 0.022148, 0.441849, 54.084010, 54.084010, 0.327536, 0.302950
[ INFO] [1541427594.434341511]: 7.300000, 0.000000, 1.000000, 0.435537, 0.454474, 0.066444, 0.445006, 54.319904, 54.319904, 0.349802, 0.276219
[ INFO] [1541427594.484337135]: 7.350000, 0.000000, 1.000000, 0.445006, 0.451318, 0.022148, 0.448162, 54.380023, 54.380023, 0.323912, 0.299443
[ INFO] [1541427594.534334582]: 7.400000, 0.000000, 1.000000, 0.451318, 0.457630, 0.022148, 0.454474, 54.468568, 54.468568, 0.320287, 0.295936
[ INFO] [1541427594.584331716]: 7.450000, 0.000000, 1.000000, 0.451318, 0.463942, 0.044296, 0.457630, 54.641523, 54.641523, 0.330453, 0.281867
[ INFO] [1541427594.634319475]: 7.500000, 0.000000, 1.000000, 0.460786, 0.460786, 0.000000, 0.460786, 54.648518, 54.648518, 0.304602, 0.304602
[ INFO] [1541427594.684324526]: 7.550000, 0.000000, 1.000000, 0.463942, 0.473410, 0.033222, 0.468676, 54.820164, 54.820164, 0.318084, 0.281953
[ INFO] [1541427594.734328535]: 7.600000, 0.000000, 1.000000, 0.460786, 0.470254, 0.033222, 0.465520, 54.947481, 54.947481, 0.319911, 0.283692
[ INFO] [1541427594.784345148]: 7.650000, 0.000000, 1.000000, 0.470254, 0.470254, 0.000000, 0.470254, 54.965594, 54.965594, 0.299253, 0.299253
[ INFO] [1541427594.834330251]: 7.700000, 0.000000, 1.000000, 0.467098, 0.473410, 0.022148, 0.470254, 55.059913, 55.059913, 0.311226, 0.287168
[ INFO] [1541427594.884350405]: 7.750000, 0.000000, 1.000000, 0.470254, 0.476566, 0.022148, 0.473410, 55.158805, 55.158805, 0.309414, 0.285415
[ INFO] [1541427594.934325769]: 7.800000, 0.000000, 1.000000, 0.470254, 0.482878, 0.044296, 0.476566, 55.338864, 55.338864, 0.319404, 0.271522
[ INFO] [1541427594.984344569]: 7.850000, 0.000000, 1.000000, 0.476566, 0.482878, 0.022148, 0.479722, 55.433358, 55.433358, 0.305790, 0.281908
[ INFO] [1541427595.034331340]: 7.900000, 0.000000, 1.000000, 0.479722, 0.486034, 0.022148, 0.482878, 55.532399, 55.532399, 0.303978, 0.280154
[ INFO] [1541427595.084312329]: 7.950000, 0.000000, 1.000000, 0.482878, 0.489190, 0.022148, 0.486034, 55.635306, 55.635306, 0.302165, 0.278400
[ INFO] [1541427595.134333526]: 8.000000, 0.000000, 1.000000, 0.486034, 0.492347, 0.022148, 0.489190, 55.741499, 55.741499, 0.300353, 0.276647
[ INFO] [1541427595.184325921]: 8.050000, 0.000000, 1.000000, 0.482878, 0.492347, 0.033222, 0.487612, 55.860683, 55.860683, 0.307123, 0.271520
[ INFO] [1541427595.234329045]: 8.100000, 0.000000, 1.000000, 0.492347, 0.495503, 0.011074, 0.493925, 55.922883, 55.922883, 0.291773, 0.279963
[ INFO] [1541427595.284320503]: 8.150000, 0.000000, 1.000000, 0.482878, 0.492347, 0.033222, 0.487612, 56.014859, 56.014859, 0.307123, 0.271520
[ INFO] [1541427595.334326700]: 8.200000, 0.000000, 1.000000, 0.489190, 0.495503, 0.022148, 0.492347, 56.082841, 56.082841, 0.298541, 0.274893
[ INFO] [1541427595.384352740]: 8.250000, 0.000000, 1.000000, 0.495503, 0.501815, 0.022148, 0.498659, 56.178069, 56.178069, 0.294917, 0.271386
[ INFO] [1541427595.434333678]: 8.300000, 0.000000, 1.000000, 0.492347, 0.498659, 0.022148, 0.495503, 56.240291, 56.240291, 0.296729, 0.273140
[ INFO] [1541427595.484318990]: 8.350000, 0.000000, 1.000000, 0.498659, 0.504971, 0.022148, 0.501815, 56.330624, 56.330624, 0.293105, 0.269633
[ INFO] [1541427595.534330031]: 8.400000, 0.000000, 1.000000, 0.498659, 0.504971, 0.022148, 0.501815, 56.407406, 56.407406, 0.293105, 0.269633
[ INFO] [1541427595.584340238]: 8.450000, 0.000000, 1.000000, 0.501815, 0.501815, 0.000000, 0.501815, 56.396567, 56.396567, 0.281425, 0.281425
[ INFO] [1541427595.634331279]: 8.500000, 0.000000, 1.000000, 0.501815, 0.508127, 0.022148, 0.504971, 56.482180, 56.482180, 0.291292, 0.267879
[ INFO] [1541427595.684318102]: 8.550000, 0.000000, 1.000000, 0.504971, 0.511283, 0.022148, 0.508127, 56.573673, 56.573673, 0.289480, 0.266126
[ INFO] [1541427595.734328830]: 8.600000, 0.000000, 1.000000, 0.511283, 0.514439, 0.011074, 0.512861, 56.642100, 56.642100, 0.280987, 0.269354
[ INFO] [1541427595.784356901]: 8.650000, 0.000000, 1.000000, 0.514439, 0.514439, 0.000000, 0.514439, 56.672072, 56.672072, 0.274293, 0.274293
[ INFO] [1541427595.834335495]: 8.700000, 0.000000, 1.000000, 0.523907, 0.523907, 0.000000, 0.523907, 56.754558, 56.754558, 0.268945, 0.268945
[ INFO] [1541427595.884330338]: 8.750000, 0.000000, 1.000000, 0.523907, 0.523907, 0.000000, 0.523907, 56.824671, 56.824671, 0.268945, 0.268945
[ INFO] [1541427595.934322473]: 8.800000, 0.000000, 1.000000, 0.533375, 0.533375, 0.000000, 0.533375, 56.941279, 56.941279, 0.263596, 0.263596
[ INFO] [1541427595.984321171]: 8.850000, 0.000000, 1.000000, 0.530219, 0.530219, 0.000000, 0.530219, 57.021392, 57.021392, 0.265379, 0.265379
[ INFO] [1541427596.034329816]: 8.900000, 0.000000, 1.000000, 0.539688, 0.536532, -0.011074, 0.538110, 57.100160, 57.100160, 0.255209, 0.266607
[ INFO] [1541427596.084319660]: 8.950000, 0.000000, 1.000000, 0.536532, 0.536532, 0.000000, 0.536532, 57.194448, 57.194448, 0.261813, 0.261813
[ INFO] [1541427596.134334659]: 9.000000, 0.000000, 1.000000, 0.546000, 0.542844, -0.011074, 0.544422, 57.285546, 57.285546, 0.251672, 0.263012
[ INFO] [1541427596.184326587]: 9.050000, 0.000000, 1.000000, 0.539688, 0.539688, 0.000000, 0.539688, 57.371030, 57.371030, 0.260030, 0.260030
[ INFO] [1541427596.234331430]: 9.100000, 0.000000, 1.000000, 0.555468, 0.542844, -0.044296, 0.549156, 57.353705, 57.353705, 0.231865, 0.277049
[ INFO] [1541427596.284322264]: 9.150000, 0.000000, 1.000000, 0.549156, 0.549156, 0.000000, 0.549156, 57.485976, 57.485976, 0.254682, 0.254682
[ INFO] [1541427596.334352211]: 9.200000, 0.000000, 1.000000, 0.555468, 0.552312, -0.011074, 0.553890, 57.590779, 57.590779, 0.246368, 0.257620
[ INFO] [1541427596.384331847]: 9.250000, 0.000000, 1.000000, 0.552312, 0.552312, 0.000000, 0.552312, 57.706493, 57.706493, 0.252899, 0.252899
[ INFO] [1541427596.434336586]: 9.300000, 0.000000, 1.000000, 0.555468, 0.558624, 0.011074, 0.557046, 57.869076, 57.869076, 0.255822, 0.244599
[ INFO] [1541427596.484315910]: 9.350000, 0.000000, 1.000000, 0.558624, 0.555468, -0.011074, 0.557046, 57.935559, 57.935559, 0.244599, 0.255822
[ INFO] [1541427596.534342211]: 9.400000, 0.000000, 1.000000, 0.561780, 0.561780, 0.000000, 0.561780, 58.056566, 58.056566, 0.247550, 0.247550
[ INFO] [1541427596.584352523]: 9.450000, 0.000000, 1.000000, 0.561780, 0.561780, 0.000000, 0.561780, 58.159423, 58.159423, 0.247550, 0.247550
[ INFO] [1541427596.634374554]: 9.500000, 0.000000, 1.000000, 0.571248, 0.568092, -0.011074, 0.569670, 58.258932, 58.258932, 0.237527, 0.248632
[ INFO] [1541427596.684319764]: 9.550000, 0.000000, 1.000000, 0.574404, 0.568092, -0.022148, 0.571248, 58.317459, 58.317459, 0.231055, 0.253236
[ INFO] [1541427596.734337211]: 9.600000, 0.000000, 1.000000, 0.571248, 0.571248, 0.000000, 0.571248, 58.438192, 58.438192, 0.242202, 0.242202
[ INFO] [1541427596.784342055]: 9.650000, 0.000000, 1.000000, 0.577560, 0.571248, -0.022148, 0.574404, 58.489115, 58.489115, 0.229301, 0.251424
[ INFO] [1541427596.834349555]: 9.700000, 0.000000, 1.000000, 0.580716, 0.571248, -0.033222, 0.575982, 58.506356, 58.506356, 0.222831, 0.255971
[ INFO] [1541427596.884329659]: 9.750000, 0.000000, 1.000000, 0.574404, 0.577560, 0.011074, 0.575982, 58.662137, 58.662137, 0.245037, 0.233990
[ INFO] [1541427596.934329972]: 9.800000, 0.000000, 1.000000, 0.580716, 0.574404, -0.022148, 0.577560, 58.698754, 58.698754, 0.227548, 0.249612
[ INFO] [1541427596.984328670]: 9.850000, 0.000000, 1.000000, 0.590185, 0.577560, -0.044296, 0.583872, 58.697510, 58.697510, 0.212899, 0.256793
[ INFO] [1541427597.034330337]: 9.900000, 0.000000, 1.000000, 0.593341, 0.580716, -0.044296, 0.587029, 58.716021, 58.716021, 0.211174, 0.254951
[ INFO] [1541427597.084312474]: 9.950000, 0.000000, 1.000000, 0.587029, 0.580716, -0.022148, 0.583872, 58.783126, 58.783126, 0.224041, 0.245988
[ INFO] [1541427597.134325963]: 10.000000, 0.000000, 1.000000, 0.596497, 0.580716, -0.055370, 0.588607, 58.762914, 58.762914, 0.204721, 0.259369
[ INFO] [1541427597.184322995]: 10.050000, 0.000000, 1.000000, 0.593341, 0.580716, -0.044296, 0.587029, 58.771614, 58.771614, 0.211174, 0.254951
[ INFO] [1541427597.234298101]: 10.100000, 0.000000, 1.000000, 0.596497, 0.583872, -0.044296, 0.590185, 58.798576, 58.798576, 0.209450, 0.253110
[ INFO] [1541427597.284319716]: 10.150000, 0.000000, 1.000000, 0.593341, 0.583872, -0.033222, 0.588607, 58.847103, 58.847103, 0.215875, 0.248664
[ INFO] [1541427597.334337216]: 10.200000, 0.000000, 1.000000, 0.596497, 0.583872, -0.044296, 0.590185, 58.862742, 58.862742, 0.209450, 0.253110
[ INFO] [1541427597.384327633]: 10.250000, 0.000000, 1.000000, 0.596497, 0.587029, -0.033222, 0.591763, 58.921070, 58.921070, 0.214137, 0.246837
[ INFO] [1541427597.434334300]: 10.300000, 0.000000, 1.000000, 0.599653, 0.583872, -0.055370, 0.591763, 58.899875, 58.899875, 0.203011, 0.257512
[ INFO] [1541427597.484320031]: 10.350000, 0.000000, 1.000000, 0.593341, 0.583872, -0.033222, 0.588607, 58.933207, 58.933207, 0.215875, 0.248664
[ INFO] [1541427597.534340968]: 10.400000, 0.000000, 1.000000, 0.593341, 0.587029, -0.022148, 0.590185, 59.006306, 59.006306, 0.220534, 0.242363
[ INFO] [1541427597.584330761]: 10.450000, 0.000000, 1.000000, 0.593341, 0.587029, -0.022148, 0.590185, 59.068439, 59.068439, 0.220534, 0.242363
[ INFO] [1541427597.634332272]: 10.500000, 0.000000, 1.000000, 0.599653, 0.583872, -0.055370, 0.591763, 59.025138, 59.025138, 0.203011, 0.257512
[ INFO] [1541427597.684320294]: 10.550000, 0.000000, 1.000000, 0.602809, 0.583872, -0.066443, 0.593341, 58.962465, 58.962465, 0.196559, 0.261872
[ INFO] [1541427597.734345033]: 10.600000, 0.000000, 1.000000, 0.599653, 0.590185, -0.033222, 0.594919, 59.025261, 59.025261, 0.212398, 0.245010
[ INFO] [1541427597.784421698]: 10.650000, 0.000000, 1.000000, 0.593341, 0.587029, -0.022148, 0.590185, 59.084552, 59.084552, 0.220534, 0.242363
[ INFO] [1541427597.834375294]: 10.700000, 0.000000, 1.000000, 0.602809, 0.593341, -0.033222, 0.598075, 59.148462, 59.148462, 0.210659, 0.243183
[ INFO] [1541427597.884527946]: 10.750000, 0.000000, 1.000000, 0.605965, 0.587029, -0.066443, 0.596497, 59.087139, 59.087139, 0.194864, 0.260002
[ INFO] [1541427597.934391441]: 10.800000, 0.000000, 1.000000, 0.599653, 0.596497, -0.011074, 0.598075, 59.219791, 59.219791, 0.221613, 0.232454
[ INFO] [1541427597.984393889]: 10.850000, 0.000000, 1.000000, 0.605965, 0.596497, -0.033222, 0.601231, 59.282841, 59.282841, 0.208920, 0.241357
[ INFO] [1541427598.034379620]: 10.900000, 0.000000, 1.000000, 0.609121, 0.596497, -0.044296, 0.602809, 59.311388, 59.311388, 0.202553, 0.245743
[ INFO] [1541427598.084380454]: 10.950000, 0.000000, 1.000000, 0.609121, 0.596497, -0.044296, 0.602809, 59.335653, 59.335653, 0.202553, 0.245743
[ INFO] [1541427598.134374831]: 11.000000, 0.000000, 1.000000, 0.602809, 0.602809, 0.000000, 0.602809, 59.493694, 59.493694, 0.224373, 0.224373
[ INFO] [1541427598.184413164]: 11.050000, 0.000000, 1.000000, 0.599653, 0.602809, 0.011074, 0.601231, 59.652276, 59.652276, 0.230657, 0.219845
[ INFO] [1541427598.234389781]: 11.100000, 0.000000, 1.000000, 0.602809, 0.605965, 0.011074, 0.604387, 59.805933, 59.805933, 0.228859, 0.218076
[ INFO] [1541427598.284901590]: 11.150000, 0.000000, 1.000000, 0.609121, 0.602809, -0.022148, 0.605965, 59.844550, 59.844550, 0.211766, 0.233302
[ INFO] [1541427598.334390982]: 11.200000, 0.000000, 1.000000, 0.599653, 0.599653, 0.000000, 0.599653, 59.907253, 59.907253, 0.226156, 0.226156
[ INFO] [1541427598.384380358]: 11.250000, 0.000000, 1.000000, 0.605965, 0.609121, 0.011074, 0.607543, 60.041526, 60.041526, 0.227062, 0.216308
[ INFO] [1541427598.434379682]: 11.300000, 0.000000, 1.000000, 0.605965, 0.605965, 0.000000, 0.605965, 60.112690, 60.112690, 0.222590, 0.222590
[ INFO] [1541427598.484365153]: 11.350000, 0.000000, 1.000000, 0.609121, 0.609121, 0.000000, 0.609121, 60.192183, 60.192183, 0.220808, 0.220808
[ INFO] [1541427598.534377654]: 11.400000, 0.000000, 1.000000, 0.605965, 0.615433, 0.033222, 0.610699, 60.368422, 60.368422, 0.235876, 0.203703
[ INFO] [1541427598.584381301]: 11.450000, 0.000000, 1.000000, 0.605965, 0.612277, 0.022148, 0.609121, 60.476079, 60.476079, 0.231490, 0.210012
[ INFO] [1541427598.634379792]: 11.500000, 0.000000, 1.000000, 0.612277, 0.612277, 0.000000, 0.612277, 60.520067, 60.520067, 0.219025, 0.219025
[ INFO] [1541427598.684349273]: 11.550000, 0.000000, 1.000000, 0.605965, 0.615433, 0.033222, 0.610699, 60.647124, 60.647124, 0.235876, 0.203703
[ INFO] [1541427598.734389169]: 11.600000, 0.000000, 1.000000, 0.618589, 0.615433, -0.011074, 0.617011, 60.660646, 60.660646, 0.211004, 0.221669
[ INFO] [1541427598.784445836]: 11.650000, 0.000000, 1.000000, 0.609121, 0.612277, 0.011074, 0.610699, 60.700773, 60.700773, 0.225264, 0.214540
[ INFO] [1541427598.834376568]: 11.700000, 0.000000, 1.000000, 0.618589, 0.615433, -0.011074, 0.617011, 60.706248, 60.706248, 0.211004, 0.221669
[ INFO] [1541427598.884411933]: 11.750000, 0.000000, 1.000000, 0.615433, 0.612277, -0.011074, 0.613855, 60.691756, 60.691756, 0.212772, 0.223467
[ INFO] [1541427598.934377352]: 11.800000, 0.000000, 1.000000, 0.615433, 0.615433, 0.000000, 0.615433, 60.722396, 60.722396, 0.217242, 0.217242
[ INFO] [1541427598.984377666]: 11.850000, 0.000000, 1.000000, 0.612277, 0.612277, 0.000000, 0.612277, 60.729437, 60.729437, 0.219025, 0.219025
[ INFO] [1541427599.034365533]: 11.900000, 0.000000, 1.000000, 0.618589, 0.621745, 0.011074, 0.620167, 60.815834, 60.815834, 0.219872, 0.209235
[ INFO] [1541427599.084380430]: 11.950000, 0.000000, 1.000000, 0.621745, 0.621745, 0.000000, 0.621745, 60.865869, 60.865869, 0.213676, 0.213676
[ INFO] [1541427599.134362307]: 12.000000, 0.000000, 1.000000, 0.618589, 0.621745, 0.011074, 0.620167, 60.931802, 60.931802, 0.219872, 0.209235
[ INFO] [1541427599.184379080]: 12.050000, 0.000000, 1.000000, 0.621745, 0.621745, 0.000000, 0.621745, 60.964442, 60.964442, 0.213676, 0.213676
[ INFO] [1541427599.234374394]: 12.100000, 0.000000, 1.000000, 0.618589, 0.621745, 0.011074, 0.620167, 61.015588, 61.015588, 0.219872, 0.209235
[ INFO] [1541427599.284372573]: 12.150000, 0.000000, 1.000000, 0.628057, 0.631213, 0.011074, 0.629635, 61.115651, 61.115651, 0.214479, 0.203931
[ INFO] [1541427599.334383096]: 12.200000, 0.000000, 1.000000, 0.621745, 0.624901, 0.011074, 0.623323, 61.162979, 61.162979, 0.218074, 0.207467
[ INFO] [1541427599.384386900]: 12.250000, 0.000000, 1.000000, 0.634370, 0.624901, -0.033222, 0.629635, 61.109388, 61.109388, 0.193270, 0.224915
[ INFO] [1541427599.434408464]: 12.300000, 0.000000, 1.000000, 0.628057, 0.631213, 0.011074, 0.629635, 61.195381, 61.195381, 0.214479, 0.203931
[ INFO] [1541427599.484373727]: 12.350000, 0.000000, 1.000000, 0.631213, 0.631213, 0.000000, 0.631213, 61.245495, 61.245495, 0.208328, 0.208328
[ INFO] [1541427599.534390239]: 12.400000, 0.000000, 1.000000, 0.631213, 0.631213, 0.000000, 0.631213, 61.288093, 61.288093, 0.208328, 0.208328
[ INFO] [1541427599.584387637]: 12.450000, 0.000000, 1.000000, 0.628057, 0.628057, 0.000000, 0.628057, 61.305297, 61.305297, 0.210110, 0.210110
[ INFO] [1541427599.634388368]: 12.500000, 0.000000, 1.000000, 0.634370, 0.637526, 0.011074, 0.635948, 61.399629, 61.399629, 0.210884, 0.200394
[ INFO] [1541427599.684352746]: 12.550000, 0.000000, 1.000000, 0.631213, 0.634370, 0.011074, 0.632792, 61.460948, 61.460948, 0.212682, 0.202163
[ INFO] [1541427599.734412850]: 12.600000, 0.000000, 1.000000, 0.637526, 0.634370, -0.011074, 0.635948, 61.467264, 61.467264, 0.200394, 0.210884
[ INFO] [1541427599.784415561]: 12.650000, 0.000000, 1.000000, 0.631213, 0.631213, 0.000000, 0.631213, 61.476596, 61.476596, 0.208328, 0.208328
[ INFO] [1541427599.834928985]: 12.700000, 0.000000, 1.000000, 0.631213, 0.637526, 0.022148, 0.634370, 61.567801, 61.567801, 0.216993, 0.195984
[ INFO] [1541427599.884372962]: 12.750000, 0.000000, 1.000000, 0.624901, 0.643838, 0.066443, 0.634370, 61.770623, 61.770623, 0.237552, 0.174526
[ INFO] [1541427599.934360985]: 12.800000, 0.000000, 1.000000, 0.624901, 0.634370, 0.033222, 0.629635, 61.821582, 61.821582, 0.224915, 0.193270
[ INFO] [1541427599.984362133]: 12.850000, 0.000000, 1.000000, 0.631213, 0.634370, 0.011074, 0.632792, 61.819609, 61.819609, 0.212682, 0.202163
[ INFO] [1541427600.034373489]: 12.900000, 0.000000, 1.000000, 0.628057, 0.640682, 0.044296, 0.634370, 61.922551, 61.922551, 0.227328, 0.185311
[ INFO] [1541427600.084371044]: 12.950000, 0.000000, 1.000000, 0.631213, 0.640682, 0.033222, 0.635948, 61.987883, 61.987883, 0.221261, 0.189792
[ INFO] [1541427600.134432294]: 13.000000, 0.000000, 1.000000, 0.624901, 0.643838, 0.066443, 0.634370, 62.127692, 62.127692, 0.237552, 0.174526
[ INFO] [1541427600.184376413]: 13.050000, 0.000000, 1.000000, 0.631213, 0.640682, 0.033222, 0.635948, 62.162253, 62.162253, 0.221261, 0.189792
[ INFO] [1541427600.234379228]: 13.100000, 0.000000, 1.000000, 0.621745, 0.640682, 0.066443, 0.631213, 62.257749, 62.257749, 0.239423, 0.176221
[ INFO] [1541427600.284478603]: 13.150000, 0.000000, 1.000000, 0.631213, 0.646994, 0.055370, 0.639104, 62.353608, 62.353608, 0.229670, 0.177368
[ INFO] [1541427600.334382411]: 13.200000, 0.000000, 1.000000, 0.621745, 0.637526, 0.055370, 0.629635, 62.380191, 62.380191, 0.235238, 0.182497
[ INFO] [1541427600.384382517]: 13.250000, 0.000000, 1.000000, 0.628057, 0.640682, 0.044296, 0.634370, 62.399046, 62.399046, 0.227328, 0.185311
[ INFO] [1541427600.434382885]: 13.300000, 0.000000, 1.000000, 0.631213, 0.643838, 0.044296, 0.637526, 62.433513, 62.433513, 0.225487, 0.183587
[ INFO] [1541427600.484387939]: 13.350000, 0.000000, 1.000000, 0.631213, 0.643838, 0.044296, 0.637526, 62.462809, 62.462809, 0.225487, 0.183587
[ INFO] [1541427600.534384609]: 13.400000, 0.000000, 1.000000, 0.631213, 0.637526, 0.022148, 0.634370, 62.406082, 62.406082, 0.216993, 0.195984
[ INFO] [1541427600.584397475]: 13.450000, 0.000000, 1.000000, 0.628057, 0.643838, 0.055370, 0.635948, 62.461392, 62.461392, 0.231526, 0.179078
[ INFO] [1541427600.634504142]: 13.500000, 0.000000, 1.000000, 0.624901, 0.643838, 0.066443, 0.634370, 62.530176, 62.530176, 0.237552, 0.174526
[ INFO] [1541427600.684388523]: 13.550000, 0.000000, 1.000000, 0.628057, 0.637526, 0.033222, 0.632792, 62.485783, 62.485783, 0.223088, 0.191531
[ INFO] [1541427600.734447274]: 13.600000, 0.000000, 1.000000, 0.624901, 0.643838, 0.066443, 0.634370, 62.550907, 62.550907, 0.237552, 0.174526
[ INFO] [1541427600.784373945]: 13.650000, 0.000000, 1.000000, 0.621745, 0.634370, 0.044296, 0.628057, 62.507275, 62.507275, 0.231011, 0.188760
[ INFO] [1541427600.834391864]: 13.700000, 0.000000, 1.000000, 0.624901, 0.634370, 0.033222, 0.629635, 62.447736, 62.447736, 0.224915, 0.193270
[ INFO] [1541427600.884462229]: 13.750000, 0.000000, 1.000000, 0.621745, 0.634370, 0.044296, 0.628057, 62.419579, 62.419579, 0.231011, 0.188760
[ INFO] [1541427600.934376609]: 13.800000, 0.000000, 1.000000, 0.621745, 0.634370, 0.044296, 0.628057, 62.395646, 62.395646, 0.231011, 0.188760
[ INFO] [1541427600.984394111]: 13.850000, 0.000000, 1.000000, 0.621745, 0.631213, 0.033222, 0.626479, 62.334271, 62.334271, 0.226742, 0.195009
[ INFO] [1541427601.034383854]: 13.900000, 0.000000, 1.000000, 0.624901, 0.634370, 0.033222, 0.629635, 62.300683, 62.300683, 0.224915, 0.193270
[ INFO] [1541427601.084413232]: 13.950000, 0.000000, 1.000000, 0.618589, 0.628057, 0.033222, 0.623323, 62.234971, 62.234971, 0.228569, 0.196748
[ INFO] [1541427601.134360841]: 14.000000, 0.000000, 1.000000, 0.615433, 0.628057, 0.044296, 0.621745, 62.201849, 62.201849, 0.234694, 0.192208
[ INFO] [1541427601.184355636]: 14.050000, 0.000000, 1.000000, 0.618589, 0.624901, 0.022148, 0.621745, 62.109379, 62.109379, 0.224241, 0.202998
[ INFO] [1541427601.234370795]: 14.100000, 0.000000, 1.000000, 0.618589, 0.628057, 0.033222, 0.623323, 62.072363, 62.072363, 0.228569, 0.196748
[ INFO] [1541427601.284364600]: 14.150000, 0.000000, 1.000000, 0.615433, 0.621745, 0.022148, 0.618589, 61.980594, 61.980594, 0.226054, 0.204752
[ INFO] [1541427601.334364083]: 14.200000, 0.000000, 1.000000, 0.609121, 0.621745, 0.044296, 0.615433, 61.948748, 61.948748, 0.238377, 0.195656
[ INFO] [1541427601.384378929]: 14.250000, 0.000000, 1.000000, 0.618589, 0.621745, 0.011074, 0.620167, 61.852248, 61.852248, 0.219872, 0.209235
[ INFO] [1541427601.434375339]: 14.300000, 0.000000, 1.000000, 0.609121, 0.618589, 0.033222, 0.613855, 61.798059, 61.798059, 0.234049, 0.201964
[ INFO] [1541427601.484390550]: 14.350000, 0.000000, 1.000000, 0.605965, 0.621745, 0.055370, 0.613855, 61.816478, 61.816478, 0.244519, 0.191045
[ INFO] [1541427601.534519872]: 14.400000, 0.000000, 1.000000, 0.599653, 0.621745, 0.077517, 0.610699, 61.877517, 61.877517, 0.256762, 0.181693
[ INFO] [1541427601.584433837]: 14.450000, 0.000000, 1.000000, 0.602809, 0.618589, 0.055370, 0.610699, 61.865719, 61.865719, 0.246375, 0.192754
[ INFO] [1541427601.634379519]: 14.500000, 0.000000, 1.000000, 0.605965, 0.618589, 0.044296, 0.612277, 61.832664, 61.832664, 0.240219, 0.197381
[ INFO] [1541427601.684403688]: 14.550000, 0.000000, 1.000000, 0.599653, 0.615433, 0.055370, 0.607543, 61.809294, 61.809294, 0.248232, 0.194464
[ INFO] [1541427601.734357182]: 14.600000, 0.000000, 1.000000, 0.605965, 0.618589, 0.044296, 0.612277, 61.784703, 61.784703, 0.240219, 0.197381
[ INFO] [1541427601.784491817]: 14.650000, 0.000000, 1.000000, 0.599653, 0.615433, 0.055370, 0.607543, 61.768528, 61.768528, 0.248232, 0.194464
[ INFO] [1541427601.834358334]: 14.700000, 0.000000, 1.000000, 0.602809, 0.615433, 0.044296, 0.609121, 61.731612, 61.731612, 0.242060, 0.199105
[ INFO] [1541427601.884398805]: 14.750000, 0.000000, 1.000000, 0.602809, 0.615433, 0.044296, 0.609121, 61.700233, 61.700233, 0.242060, 0.199105
[ INFO] [1541427601.934389798]: 14.800000, 0.000000, 1.000000, 0.602809, 0.618589, 0.055370, 0.610699, 61.715027, 61.715027, 0.246375, 0.192754
[ INFO] [1541427601.984405010]: 14.850000, 0.000000, 1.000000, 0.599653, 0.612277, 0.044296, 0.605965, 61.667696, 61.667696, 0.243902, 0.200829
[ INFO] [1541427602.034393451]: 14.900000, 0.000000, 1.000000, 0.609121, 0.618589, 0.033222, 0.613855, 61.641190, 61.641190, 0.234049, 0.201964
[ INFO] [1541427602.084403976]: 14.950000, 0.000000, 1.000000, 0.602809, 0.615433, 0.044296, 0.609121, 61.623374, 61.623374, 0.242060, 0.199105
[ INFO] [1541427602.134382522]: 15.000000, 0.000000, 1.000000, 0.609121, 0.615433, 0.022148, 0.612277, 61.561510, 61.561510, 0.229678, 0.208259
[ INFO] [1541427602.184387109]: 15.050000, 0.000000, 1.000000, 0.605965, 0.621745, 0.055370, 0.613855, 61.615411, 61.615411, 0.244519, 0.191045
[ INFO] [1541427602.234391696]: 15.100000, 0.000000, 1.000000, 0.605965, 0.612277, 0.022148, 0.609121, 61.536020, 61.536020, 0.231490, 0.210012
[ INFO] [1541427602.284401283]: 15.150000, 0.000000, 1.000000, 0.602809, 0.612277, 0.033222, 0.607543, 61.492103, 61.492103, 0.237703, 0.205442
[ INFO] [1541427602.334827941]: 15.200000, 0.000000, 1.000000, 0.599653, 0.612277, 0.044296, 0.605965, 61.478210, 61.478210, 0.243902, 0.200829
[ INFO] [1541427602.384408270]: 15.250000, 0.000000, 1.000000, 0.599653, 0.612277, 0.044296, 0.605965, 61.466402, 61.466402, 0.243902, 0.200829
[ INFO] [1541427602.434362754]: 15.300000, 0.000000, 1.000000, 0.593341, 0.605965, 0.044296, 0.599653, 61.419484, 61.419484, 0.247585, 0.204278
[ INFO] [1541427602.484350727]: 15.350000, 0.000000, 1.000000, 0.602809, 0.609121, 0.022148, 0.605965, 61.350759, 61.350759, 0.233302, 0.211766
[ INFO] [1541427602.534382397]: 15.400000, 0.000000, 1.000000, 0.593341, 0.602809, 0.033222, 0.598075, 61.278889, 61.278889, 0.243183, 0.210659
[ INFO] [1541427602.584369380]: 15.450000, 0.000000, 1.000000, 0.593341, 0.605965, 0.044296, 0.599653, 61.260098, 61.260098, 0.247585, 0.204278
[ INFO] [1541427602.634371936]: 15.500000, 0.000000, 1.000000, 0.593341, 0.602809, 0.033222, 0.598075, 61.201826, 61.201826, 0.243183, 0.210659
[ INFO] [1541427602.684351837]: 15.550000, 0.000000, 1.000000, 0.599653, 0.602809, 0.011074, 0.601231, 61.104189, 61.104189, 0.230657, 0.219845
[ INFO] [1541427602.734328508]: 15.600000, 0.000000, 1.000000, 0.596497, 0.596497, 0.000000, 0.596497, 60.958942, 60.958942, 0.227939, 0.227939
[ INFO] [1541427602.784722563]: 15.650000, 0.000000, 1.000000, 0.599653, 0.596497, -0.011074, 0.598075, 60.810824, 60.810824, 0.221613, 0.232454
[ INFO] [1541427602.834332891]: 15.700000, 0.000000, 1.000000, 0.599653, 0.599653, 0.000000, 0.599653, 60.728585, 60.728585, 0.226156, 0.226156
[ INFO] [1541427602.884294458]: 15.750000, 0.000000, 1.000000, 0.602809, 0.593341, -0.033222, 0.598075, 60.545890, 60.545890, 0.210659, 0.243183
[ INFO] [1541427602.934328315]: 15.800000, 0.000000, 1.000000, 0.596497, 0.593341, -0.011074, 0.594919, 60.440585, 60.440585, 0.223381, 0.234252
[ INFO] [1541427602.984343944]: 15.850000, 0.000000, 1.000000, 0.596497, 0.593341, -0.011074, 0.594919, 60.351076, 60.351076, 0.223381, 0.234252
[ INFO] [1541427603.034340979]: 15.900000, 0.000000, 1.000000, 0.599653, 0.596497, -0.011074, 0.598075, 60.294138, 60.294138, 0.221613, 0.232454
[ INFO] [1541427603.084328745]: 15.950000, 0.000000, 1.000000, 0.602809, 0.593341, -0.033222, 0.598075, 60.176610, 60.176610, 0.210659, 0.243183
[ INFO] [1541427603.134326406]: 16.000000, 0.000000, 1.000000, 0.593341, 0.590185, -0.011074, 0.591763, 60.107552, 60.107552, 0.225149, 0.236049
[ INFO] [1541427603.184331723]: 16.049999, 0.000000, 1.000000, 0.596497, 0.593341, -0.011074, 0.594919, 60.067998, 60.067998, 0.223381, 0.234252
[ INFO] [1541427603.234335008]: 16.100000, 0.000000, 1.000000, 0.587029, 0.590185, 0.011074, 0.588607, 60.064984, 60.064984, 0.237847, 0.226917
[ INFO] [1541427603.284326315]: 16.150000, 0.000000, 1.000000, 0.587029, 0.590185, 0.011074, 0.588607, 60.062421, 60.062421, 0.237847, 0.226917
[ INFO] [1541427603.334334757]: 16.200001, 0.000000, 1.000000, 0.593341, 0.587029, -0.022148, 0.590185, 59.966137, 59.966137, 0.220534, 0.242363
[ INFO] [1541427603.384339709]: 16.250000, 0.000000, 1.000000, 0.587029, 0.587029, 0.000000, 0.587029, 59.934587, 59.934587, 0.233288, 0.233288
[ INFO] [1541427603.434349557]: 16.299999, 0.000000, 1.000000, 0.593341, 0.593341, 0.000000, 0.593341, 59.945777, 59.945777, 0.229722, 0.229722
[ INFO] [1541427603.484321594]: 16.350000, 0.000000, 1.000000, 0.593341, 0.593341, 0.000000, 0.593341, 59.955288, 59.955288, 0.229722, 0.229722
[ INFO] [1541427603.534337588]: 16.400000, 0.000000, 1.000000, 0.593341, 0.596497, 0.011074, 0.594919, 60.006906, 60.006906, 0.234252, 0.223381
[ INFO] [1541427603.584328947]: 16.450001, 0.000000, 1.000000, 0.593341, 0.593341, 0.000000, 0.593341, 60.007248, 60.007248, 0.229722, 0.229722
[ INFO] [1541427603.634334784]: 16.500000, 0.000000, 1.000000, 0.599653, 0.599653, 0.000000, 0.599653, 60.045546, 60.045546, 0.226156, 0.226156
[ INFO] [1541427603.684321873]: 16.549999, 0.000000, 1.000000, 0.599653, 0.593341, -0.022148, 0.596497, 59.990364, 59.990364, 0.217027, 0.238739
[ INFO] [1541427603.734344272]: 16.600000, 0.000000, 1.000000, 0.602809, 0.596497, -0.022148, 0.599653, 59.962745, 59.962745, 0.215273, 0.236927
[ INFO] [1541427603.784337142]: 16.650000, 0.000000, 1.000000, 0.596497, 0.593341, -0.011074, 0.594919, 59.944912, 59.944912, 0.223381, 0.234252
[ INFO] [1541427603.834347094]: 16.700001, 0.000000, 1.000000, 0.605965, 0.596497, -0.033222, 0.601231, 59.899194, 59.899194, 0.208920, 0.241357
[ INFO] [1541427603.884346473]: 16.750000, 0.000000, 1.000000, 0.605965, 0.596497, -0.033222, 0.601231, 59.860334, 59.860334, 0.208920, 0.241357
[ INFO] [1541427603.934369915]: 16.799999, 0.000000, 1.000000, 0.609121, 0.593341, -0.055370, 0.601231, 59.757374, 59.757374, 0.197883, 0.251944
[ INFO] [1541427603.984349035]: 16.850000, 0.000000, 1.000000, 0.602809, 0.593341, -0.033222, 0.598075, 59.720360, 59.720360, 0.210659, 0.243183
[ INFO] [1541427604.034330498]: 16.900000, 0.000000, 1.000000, 0.605965, 0.590185, -0.055370, 0.598075, 59.618688, 59.618688, 0.199592, 0.253800
[ INFO] [1541427604.084321337]: 16.950001, 0.000000, 1.000000, 0.605965, 0.593341, -0.044296, 0.599653, 59.577290, 59.577290, 0.204278, 0.247585
[ INFO] [1541427604.134326134]: 17.000000, 0.000000, 1.000000, 0.602809, 0.593341, -0.033222, 0.598075, 59.567289, 59.567289, 0.210659, 0.243183
[ INFO] [1541427604.184331920]: 17.049999, 0.000000, 1.000000, 0.605965, 0.593341, -0.044296, 0.599653, 59.533602, 59.533602, 0.204278, 0.247585
[ INFO] [1541427604.234334061]: 17.100000, 0.000000, 1.000000, 0.605965, 0.593341, -0.044296, 0.599653, 59.504967, 59.504967, 0.204278, 0.247585
[ INFO] [1541427604.284319848]: 17.150000, 0.000000, 1.000000, 0.609121, 0.593341, -0.055370, 0.601231, 59.455312, 59.455312, 0.197883, 0.251944
[ INFO] [1541427604.334322509]: 17.200001, 0.000000, 1.000000, 0.602809, 0.593341, -0.033222, 0.598075, 59.463608, 59.463608, 0.210659, 0.243183
[ INFO] [1541427604.384333243]: 17.250000, 0.000000, 1.000000, 0.605965, 0.593341, -0.044296, 0.599653, 59.445472, 59.445472, 0.204278, 0.247585
[ INFO] [1541427604.434343665]: 17.299999, 0.000000, 1.000000, 0.609121, 0.590185, -0.066443, 0.599653, 59.359447, 59.359447, 0.193170, 0.258131
[ INFO] [1541427604.484326222]: 17.350000, 0.000000, 1.000000, 0.609121, 0.593341, -0.055370, 0.601231, 59.331620, 59.331620, 0.197883, 0.251944
[ INFO] [1541427604.534336540]: 17.400000, 0.000000, 1.000000, 0.605965, 0.596497, -0.033222, 0.601231, 59.377896, 59.377896, 0.208920, 0.241357
[ INFO] [1541427604.584322327]: 17.450001, 0.000000, 1.000000, 0.609121, 0.596497, -0.044296, 0.602809, 59.392184, 59.392184, 0.202553, 0.245743
[ INFO] [1541427604.634329780]: 17.500000, 0.000000, 1.000000, 0.605965, 0.593341, -0.044296, 0.599653, 59.384762, 59.384762, 0.204278, 0.247585
[ INFO] [1541427604.684323639]: 17.549999, 0.000000, 1.000000, 0.618589, 0.602809, -0.055370, 0.610699, 59.412262, 59.412262, 0.192754, 0.246375
[ INFO] [1541427604.734329738]: 17.600000, 0.000000, 1.000000, 0.609121, 0.599653, -0.033222, 0.604387, 59.465868, 59.465868, 0.207181, 0.239530
[ INFO] [1541427604.784349117]: 17.650000, 0.000000, 1.000000, 0.618589, 0.605965, -0.044296, 0.612277, 59.525663, 59.525663, 0.197381, 0.240219
[ INFO] [1541427604.834342873]: 17.700001, 0.000000, 1.000000, 0.615433, 0.596497, -0.066443, 0.605965, 59.467307, 59.467307, 0.189780, 0.254389
[ INFO] [1541427604.884365690]: 17.750000, 0.000000, 1.000000, 0.621745, 0.599653, -0.077517, 0.610699, 59.412260, 59.412260, 0.181693, 0.256762
[ INFO] [1541427604.934339185]: 17.799999, 0.000000, 1.000000, 0.615433, 0.605965, -0.033222, 0.610699, 59.504719, 59.504719, 0.203703, 0.235876
[ INFO] [1541427604.984326483]: 17.850000, 0.000000, 1.000000, 0.612277, 0.605965, -0.022148, 0.609121, 59.607803, 59.607803, 0.210012, 0.231490
[ INFO] [1541427605.034332426]: 17.900000, 0.000000, 1.000000, 0.615433, 0.605965, -0.033222, 0.610699, 59.670931, 59.670931, 0.203703, 0.235876
[ INFO] [1541427605.084317328]: 17.950001, 0.000000, 1.000000, 0.624901, 0.609121, -0.055370, 0.617011, 59.694921, 59.694921, 0.189335, 0.242663
[ INFO] [1541427605.134331760]: 18.000000, 0.000000, 1.000000, 0.621745, 0.605965, -0.055370, 0.613855, 59.695606, 59.695606, 0.191045, 0.244519
[ INFO] [1541427605.184332078]: 18.049999, 0.000000, 1.000000, 0.615433, 0.615433, 0.000000, 0.615433, 59.875668, 59.875668, 0.217242, 0.217242
[ INFO] [1541427605.234334167]: 18.100000, 0.000000, 1.000000, 0.624901, 0.618589, -0.022148, 0.621745, 60.000252, 60.000252, 0.202998, 0.224241
[ INFO] [1541427605.284322403]: 18.150000, 0.000000, 1.000000, 0.621745, 0.612277, -0.033222, 0.617011, 60.043365, 60.043365, 0.200226, 0.232222
[ INFO] [1541427605.334350533]: 18.200001, 0.000000, 1.000000, 0.631213, 0.621745, -0.033222, 0.626479, 60.138290, 60.138290, 0.195009, 0.226742
[ INFO] [1541427605.384341685]: 18.250000, 0.000000, 1.000000, 0.621745, 0.618589, -0.011074, 0.620167, 60.247281, 60.247281, 0.209235, 0.219872
[ INFO] [1541427605.434330441]: 18.299999, 0.000000, 1.000000, 0.628057, 0.618589, -0.033222, 0.623323, 60.292192, 60.292192, 0.196748, 0.228569
[ INFO] [1541427605.484323468]: 18.350000, 0.000000, 1.000000, 0.631213, 0.621745, -0.033222, 0.626479, 60.349793, 60.349793, 0.195009, 0.226742
[ INFO] [1541427605.534329880]: 18.400000, 0.000000, 1.000000, 0.631213, 0.624901, -0.022148, 0.628057, 60.441829, 60.441829, 0.199491, 0.220617
[ INFO] [1541427605.584330875]: 18.450001, 0.000000, 1.000000, 0.634370, 0.628057, -0.022148, 0.631213, 60.539345, 60.539345, 0.197738, 0.218805
[ INFO] [1541427605.634325412]: 18.500000, 0.000000, 1.000000, 0.631213, 0.624901, -0.022148, 0.628057, 60.602948, 60.602948, 0.199491, 0.220617
[ INFO] [1541427605.684328543]: 18.549999, 0.000000, 1.000000, 0.634370, 0.624901, -0.033222, 0.629635, 60.633362, 60.633362, 0.193270, 0.224915
[ INFO] [1541427605.734332403]: 18.600000, 0.000000, 1.000000, 0.628057, 0.624901, -0.011074, 0.626479, 60.706382, 60.706382, 0.205699, 0.216277
[ INFO] [1541427605.784346679]: 18.650000, 0.000000, 1.000000, 0.631213, 0.621745, -0.033222, 0.626479, 60.701854, 60.701854, 0.195009, 0.226742
[ INFO] [1541427605.834335852]: 18.700001, 0.000000, 1.000000, 0.628057, 0.624901, -0.011074, 0.626479, 60.764600, 60.764600, 0.205699, 0.216277
[ INFO] [1541427605.884340805]: 18.750000, 0.000000, 1.000000, 0.631213, 0.621745, -0.033222, 0.626479, 60.751340, 60.751340, 0.195009, 0.226742
[ INFO] [1541427605.934327999]: 18.799999, 0.000000, 1.000000, 0.634370, 0.621745, -0.044296, 0.628057, 60.716150, 60.716150, 0.188760, 0.231011
[ INFO] [1541427605.984339515]: 18.850000, 0.000000, 1.000000, 0.628057, 0.624901, -0.011074, 0.626479, 60.776751, 60.776751, 0.205699, 0.216277
[ INFO] [1541427606.034329053]: 18.900000, 0.000000, 1.000000, 0.628057, 0.624901, -0.011074, 0.626479, 60.828263, 60.828263, 0.205699, 0.216277
[ INFO] [1541427606.084334580]: 18.950001, 0.000000, 1.000000, 0.631213, 0.631213, 0.000000, 0.631213, 60.933445, 60.933445, 0.208328, 0.208328
[ INFO] [1541427606.134327920]: 19.000000, 0.000000, 1.000000, 0.637526, 0.624901, -0.044296, 0.631213, 60.890506, 60.890506, 0.187035, 0.229170
[ INFO] [1541427606.184337718]: 19.049999, 0.000000, 1.000000, 0.631213, 0.624901, -0.022148, 0.628057, 60.901435, 60.901435, 0.199491, 0.220617
[ INFO] [1541427606.234330954]: 19.100000, 0.000000, 1.000000, 0.637526, 0.631213, -0.022148, 0.634370, 60.949296, 60.949296, 0.195984, 0.216993
[ INFO] [1541427606.284348147]: 19.150000, 0.000000, 1.000000, 0.640682, 0.624901, -0.055370, 0.632792, 60.880072, 60.880072, 0.180787, 0.233382
[ INFO] [1541427606.334320290]: 19.200001, 0.000000, 1.000000, 0.637526, 0.631213, -0.022148, 0.634370, 60.931137, 60.931137, 0.195984, 0.216993
[ INFO] [1541427606.384334306]: 19.250000, 0.000000, 1.000000, 0.640682, 0.628057, -0.044296, 0.634370, 60.908112, 60.908112, 0.185311, 0.227328
[ INFO] [1541427606.434329625]: 19.299999, 0.000000, 1.000000, 0.634370, 0.634370, 0.000000, 0.634370, 61.020321, 61.020321, 0.206545, 0.206545
[ INFO] [1541427606.484329840]: 19.350000, 0.000000, 1.000000, 0.640682, 0.628057, -0.044296, 0.634370, 60.983918, 60.983918, 0.185311, 0.227328
[ INFO] [1541427606.534330836]: 19.400000, 0.000000, 1.000000, 0.637526, 0.631213, -0.022148, 0.634370, 61.019406, 61.019406, 0.195984, 0.216993
[ INFO] [1541427606.584337040]: 19.450001, 0.000000, 1.000000, 0.640682, 0.631213, -0.033222, 0.635948, 61.026204, 61.026204, 0.189792, 0.221261
[ INFO] [1541427606.634333245]: 19.500000, 0.000000, 1.000000, 0.634370, 0.640682, 0.022148, 0.637526, 61.203690, 61.203690, 0.215181, 0.194231
[ INFO] [1541427606.684341845]: 19.549999, 0.000000, 1.000000, 0.640682, 0.640682, 0.000000, 0.640682, 61.309569, 61.309569, 0.202979, 0.202979
[ INFO] [1541427606.734337684]: 19.600000, 0.000000, 1.000000, 0.643838, 0.637526, -0.022148, 0.640682, 61.334780, 61.334780, 0.192477, 0.213368
[ INFO] [1541427606.784347274]: 19.650000, 0.000000, 1.000000, 0.643838, 0.643838, 0.000000, 0.643838, 61.440000, 61.440000, 0.201196, 0.201196
[ INFO] [1541427606.834357280]: 19.700001, 0.000000, 1.000000, 0.646994, 0.646994, 0.000000, 0.646994, 61.548440, 61.548440, 0.199413, 0.199413
[ INFO] [1541427606.884337391]: 19.750000, 0.000000, 1.000000, 0.653306, 0.650150, -0.011074, 0.651728, 61.637355, 61.637355, 0.191553, 0.201896
[ INFO] [1541427606.934339064]: 19.799999, 0.000000, 1.000000, 0.656462, 0.653306, -0.011074, 0.654884, 61.732077, 61.732077, 0.189785, 0.200099
[ INFO] [1541427606.984334592]: 19.850000, 0.000000, 1.000000, 0.653306, 0.653306, 0.000000, 0.653306, 61.834713, 61.834713, 0.195847, 0.195847
[ INFO] [1541427607.034324547]: 19.900000, 0.000000, 1.000000, 0.665930, 0.656462, -0.033222, 0.661196, 61.874626, 61.874626, 0.175881, 0.206646
[ INFO] [1541427607.084330960]: 19.950001, 0.000000, 1.000000, 0.665930, 0.659618, -0.022148, 0.662774, 61.950077, 61.950077, 0.180202, 0.200683
[ INFO] [1541427607.134325967]: 20.000000, 0.000000, 1.000000, 0.662774, 0.662774, 0.000000, 0.662774, 62.077024, 62.077024, 0.190499, 0.190499
[ INFO] [1541427607.184344880]: 20.049999, 0.000000, 1.000000, 0.675398, 0.669086, -0.022148, 0.672242, 62.179972, 62.179972, 0.174942, 0.195246
[ INFO] [1541427607.234326242]: 20.100000, 0.000000, 1.000000, 0.669086, 0.669086, 0.000000, 0.669086, 62.310442, 62.310442, 0.186933, 0.186933
[ INFO] [1541427607.284322186]: 20.150000, 0.000000, 1.000000, 0.678555, 0.669086, -0.033222, 0.673820, 62.356701, 62.356701, 0.168926, 0.199339
[ INFO] [1541427607.334328287]: 20.200001, 0.000000, 1.000000, 0.672242, 0.665930, -0.022148, 0.669086, 62.398412, 62.398412, 0.176695, 0.197059
[ INFO] [1541427607.384329492]: 20.250000, 0.000000, 1.000000, 0.675398, 0.672242, -0.011074, 0.673820, 62.493843, 62.493843, 0.179176, 0.189314
[ INFO] [1541427607.434328301]: 20.299999, 0.000000, 1.000000, 0.678555, 0.675398, -0.011074, 0.676977, 62.594104, 62.594104, 0.177408, 0.187516
[ INFO] [1541427607.484372369]: 20.350000, 0.000000, 1.000000, 0.678555, 0.681711, 0.011074, 0.680133, 62.759194, 62.759194, 0.185719, 0.175639
[ INFO] [1541427607.534391178]: 20.400000, 0.000000, 1.000000, 0.684867, 0.672242, -0.044296, 0.678555, 62.735902, 62.735902, 0.161172, 0.201547
[ INFO] [1541427607.584391029]: 20.450001, 0.000000, 1.000000, 0.681711, 0.678555, -0.011074, 0.680133, 62.818998, 62.818998, 0.175639, 0.185719
[ INFO] [1541427607.634391192]: 20.500000, 0.000000, 1.000000, 0.681711, 0.684867, 0.011074, 0.683289, 62.969217, 62.969217, 0.183921, 0.173871
[ INFO] [1541427607.684399220]: 20.549999, 0.000000, 1.000000, 0.691179, 0.681711, -0.033222, 0.686445, 62.994365, 62.994365, 0.161970, 0.192032
[ INFO] [1541427607.734379904]: 20.600000, 0.000000, 1.000000, 0.688023, 0.678555, -0.033222, 0.683289, 62.996315, 62.996315, 0.163709, 0.193858
[ INFO] [1541427607.784394755]: 20.650000, 0.000000, 0.000000, 0.694335, 0.681711, -0.044296, 0.688023, 57.567467, 57.567467, -0.408901, -0.368877
[ INFO] [1541427607.834444083]: 20.700001, 0.000000, 0.000000, 0.697491, 0.681711, -0.055370, 0.689601, 52.931576, 52.931576, -0.414885, -0.364929
[ INFO] [1541427607.884390863]: 20.750000, 0.000000, 0.000000, 0.688023, 0.672242, -0.055370, 0.680133, 48.931944, 48.931944, -0.409756, -0.359360
[ INFO] [1541427607.934392693]: 20.799999, 0.000000, 0.000000, 0.688023, 0.662774, -0.088591, 0.675398, 45.405709, 45.405709, -0.422924, -0.341940
[ INFO] [1541427607.984403897]: 20.850000, 0.000000, 0.000000, 0.675398, 0.656462, -0.066443, 0.665930, 42.413789, 42.413789, -0.407323, -0.346057
[ INFO] [1541427608.034407238]: 20.900000, 0.000000, 0.000000, 0.650150, 0.615433, -0.121813, 0.632792, 39.488386, 39.488386, -0.417019, -0.301310
[ INFO] [1541427608.084381309]: 20.950001, 0.000000, 0.000000, 0.618589, 0.618589, 0.000000, 0.618589, 37.289846, 37.289846, -0.349441, -0.349441
[ INFO] [1541427608.134409493]: 21.000000, 0.000000, 0.000000, 0.602809, 0.609121, 0.022148, 0.605965, 35.411878, 35.411878, -0.331598, -0.353134
[ INFO] [1541427608.184392522]: 21.049999, 0.000000, 0.000000, 0.599653, 0.590185, -0.033222, 0.594919, 33.578574, 33.578574, -0.352502, -0.319890
[ INFO] [1541427608.234396436]: 21.100000, 0.000000, 0.000000, 0.574404, 0.561780, -0.044296, 0.568092, 31.818832, 31.818832, -0.343380, -0.298900
[ INFO] [1541427608.284350195]: 21.150000, 0.000000, 0.000000, 0.552312, 0.536532, -0.055370, 0.544422, 30.138661, 30.138661, -0.336245, -0.279545
[ INFO] [1541427608.334391555]: 21.200001, 0.000000, 0.000000, 0.536532, 0.517595, -0.066444, 0.527063, 28.563440, 28.563440, -0.332748, -0.263740
[ INFO] [1541427608.384353335]: 21.250000, 0.000000, 0.000000, 0.504971, 0.495503, -0.033222, 0.500237, 27.174610, 27.174610, -0.300336, -0.265084
[ INFO] [1541427608.434361259]: 21.299999, 0.000000, 0.000000, 0.489190, 0.476566, -0.044296, 0.482878, 25.847147, 25.847147, -0.296826, -0.249179
[ INFO] [1541427608.484429494]: 21.350000, 0.000000, 0.000000, 0.463942, 0.448162, -0.055370, 0.456052, 24.510901, 24.510901, -0.288378, -0.227572
[ INFO] [1541427608.534739180]: 21.400000, 0.000000, 0.000000, 0.441849, 0.429225, -0.044296, 0.435537, 23.289485, 23.289485, -0.270963, -0.221556
[ INFO] [1541427608.584376698]: 21.450001, 0.000000, 0.000000, 0.419757, 0.403977, -0.055370, 0.411867, 22.060974, 22.060974, -0.264444, -0.201586
[ INFO] [1541427608.634366602]: 21.500000, 0.000000, 0.000000, 0.397665, 0.385040, -0.044296, 0.391352, 20.933106, 20.933106, -0.246824, -0.195775
[ INFO] [1541427608.684369526]: 21.549999, 0.000000, 0.000000, 0.334543, 0.385040, 0.177183, 0.359792, 20.639589, 20.639589, -0.102401, -0.311287
[ INFO] [1541427608.734376826]: 21.600000, 0.000000, 0.000000, -0.145179, 0.318763, 1.627866, 0.086792, 23.504868, 23.504868, 0.793290, -1.498716
[ INFO] [1541427608.784376729]: 21.650000, 0.000000, 0.000000, -0.094682, 0.123087, 0.764101, 0.014202, 23.567945, 23.567945, 0.486256, -0.636120
[ INFO] [1541427608.834462984]: 21.700001, 0.000000, 0.000000, -0.078902, 0.160959, 0.841618, 0.041029, 23.975629, 23.975629, 0.504298, -0.712999
[ INFO] [1541427608.884384505]: 21.750000, 0.000000, 0.000000, 0.028405, 0.100994, 0.254700, 0.064699, 22.027661, 22.027661, 0.137684, -0.225650
[ INFO] [1541427608.934380346]: 21.799999, 0.000000, 0.000000, 0.022092, 0.170428, 0.520474, 0.096260, 21.656893, 21.656893, 0.278920, -0.449764
[ INFO] [1541427608.984384572]: 21.850000, 0.000000, 0.000000, 0.100994, 0.094682, -0.022148, 0.097838, 18.884218, 18.884218, -0.070814, -0.039836
[ INFO] [1541427609.034396819]: 21.900000, 0.000000, 0.000000, -0.044185, 0.097838, 0.498326, 0.026827, 18.618369, 18.618369, 0.319740, -0.406966
[ INFO] [1541427609.084371672]: 21.950001, 0.000000, 0.000000, -0.031561, 0.034717, 0.232552, 0.001578, 17.049305, 17.049305, 0.164939, -0.179117
[ INFO] [1541427609.134375430]: 22.000000, 0.000000, 0.000000, -0.041029, 0.031561, 0.254700, -0.004734, 15.793499, 15.793499, 0.184326, -0.193846
[ INFO] [1541427609.184382886]: 22.049999, 0.000000, 0.000000, -0.059965, 0.018936, 0.276848, -0.020514, 14.757566, 14.757566, 0.210166, -0.204556
[ INFO] [1541427609.234382894]: 22.100000, 0.000000, 0.000000, 0.053653, 0.006312, -0.166109, 0.029983, 11.803279, 11.803279, -0.140997, 0.100798
[ INFO] [1541427609.284378059]: 22.150000, 0.000000, 0.000000, -0.031561, -0.006312, 0.088591, -0.018936, 10.402686, 10.402686, 0.076095, -0.056499
[ INFO] [1541427609.334359422]: 22.200001, 0.000000, 0.000000, -0.018936, -0.015780, 0.011074, -0.017358, 8.799128, 8.799128, 0.018071, 0.001512
[ INFO] [1541427609.384365159]: 22.250000, 0.000000, 0.000000, -0.015780, -0.012624, 0.011074, -0.014202, 7.454967, 7.454967, 0.016274, -0.000256
[ INFO] [1541427609.434370688]: 22.299999, 0.000000, 0.000000, -0.003156, -0.012624, -0.033222, -0.007890, 6.104765, 6.104765, -0.020377, 0.029038
[ INFO] [1541427609.484343406]: 22.350000, 0.000000, 0.000000, -0.000000, -0.009468, -0.033222, -0.004734, 4.976519, 4.976519, -0.022116, 0.027211
[ INFO] [1541427609.534347737]: 22.400000, 0.000000, 0.000000, -0.006312, -0.003156, 0.011074, -0.004734, 4.262337, 4.262337, 0.010881, -0.005561
[ INFO] [1541427609.584345558]: 22.450001, 0.000000, 0.000000, -0.006312, 0.003156, 0.033222, -0.001578, 3.794656, 3.794656, 0.025384, -0.023854
[ INFO] [1541427609.634345514]: 22.500000, 0.000000, 0.000000, -0.000000, -0.000000, 0.000000, -0.000000, 3.225458, 3.225458, 0.000000, 0.000000
[ INFO] [1541427609.684355991]: 22.549999, 0.000000, 0.000000, -0.000000, -0.000000, 0.000000, -0.000000, 2.741639, 2.741639, 0.000000, 0.000000
[ INFO] [1541427609.734354176]: 22.600000, 0.000000, 0.000000, -0.003156, -0.000000, 0.011074, -0.001578, 2.381552, 2.381552, 0.009084, -0.007329
[ INFO] [1541427609.784468921]: 22.650000, 0.000000, 0.000000, -0.000000, -0.000000, 0.000000, -0.000000, 2.024319, 2.024319, 0.000000, 0.000000
[ INFO] [1541427609.834356484]: 22.700001, 0.000000, 0.000000, -0.003156, -0.000000, 0.011074, -0.001578, 1.771830, 1.771830, 0.009084, -0.007329
[ INFO] [1541427609.884477947]: 22.750000, 0.000000, 0.000000, -0.000000, -0.000000, 0.000000, -0.000000, 1.506056, 1.506056, 0.000000, 0.000000
[ INFO] [1541427609.934377854]: 22.799999, 0.000000, 0.000000, -0.000000, -0.000000, 0.000000, -0.000000, 1.280147, 1.280147, 0.000000, 0.000000
[ INFO] [1541427609.984382081]: 22.850000, 0.000000, 0.000000, -0.000000, -0.000000, 0.000000, -0.000000, 1.088125, 1.088125, 0.000000, 0.000000
[ INFO] [1541427610.034371569]: 22.900000, 0.000000, 0.000000, -0.000000, -0.000000, 0.000000, -0.000000, 0.924906, 0.924906, 0.000000, 0.000000
[ INFO] [1541427610.084424441]: 22.950001, 0.000000, 0.000000, -0.000000, -0.000000, 0.000000, -0.000000, 0.786170, 0.786170, 0.000000, 0.000000
[ INFO] [1541427610.134318620]: 23.000000, 0.000000, 0.000000, -0.000000, -0.000000, 0.000000, -0.000000, 0.668245, 0.668245, 0.000000, 0.000000
[ INFO] [1541427610.184334097]: 23.049999, 0.000000, 0.000000, -0.000000, -0.000000, 0.000000, -0.000000, 0.568008, 0.568008, 0.000000, 0.000000
[ INFO] [1541427610.234336554]: 23.100000, 0.000000, 0.000000, -0.000000, -0.000000, 0.000000, -0.000000, 0.482807, 0.482807, 0.000000, 0.000000
[ INFO] [1541427610.284314584]: 23.150000, 0.000000, 0.000000, -0.000000, -0.000000, 0.000000, -0.000000, 0.410386, 0.410386, 0.000000, 0.000000
[ INFO] [1541427610.334317718]: 23.200001, 0.000000, 0.000000, -0.000000, -0.000000, 0.000000, -0.000000, 0.348828, 0.348828, 0.000000, 0.000000
[ INFO] [1541427610.384316581]: 23.250000, 0.000000, 0.000000, -0.000000, -0.000000, 0.000000, -0.000000, 0.296504, 0.296504, 0.000000, 0.000000
[ INFO] [1541427610.434320028]: 23.299999, 0.000000, 0.000000, -0.000000, -0.000000, 0.000000, -0.000000, 0.252028, 0.252028, 0.000000, 0.000000
[ INFO] [1541427610.484320609]: 23.350000, 0.000000, 0.000000, -0.000000, -0.000000, 0.000000, -0.000000, 0.214224, 0.214224, 0.000000, 0.000000
[ INFO] [1541427610.534322076]: 23.400000, 0.000000, 0.000000, -0.000000, -0.000000, 0.000000, -0.000000, 0.182090, 0.182090, 0.000000, 0.000000
[ INFO] [1541427610.584318388]: 23.450001, 0.000000, 0.000000, -0.000000, -0.000000, 0.000000, -0.000000, 0.154777, 0.154777, 0.000000, 0.000000
[ INFO] [1541427610.634315844]: 23.500000, 0.000000, 0.000000, -0.000000, -0.000000, 0.000000, -0.000000, 0.131560, 0.131560, 0.000000, 0.000000
[ INFO] [1541427610.684307520]: 23.549999, 0.000000, 0.000000, -0.000000, -0.000000, 0.000000, -0.000000, 0.111826, 0.111826, 0.000000, 0.000000
[ INFO] [1541427610.734319091]: 23.600000, 0.000000, 0.000000, -0.000000, -0.000000, 0.000000, -0.000000, 0.095052, 0.095052, 0.000000, 0.000000
[ INFO] [1541427610.784341235]: 23.650000, 0.000000, 0.000000, -0.000000, -0.000000, 0.000000, -0.000000, 0.080794, 0.080794, 0.000000, 0.000000
[ INFO] [1541427610.834341713]: 23.700001, 0.000000, 0.000000, -0.000000, -0.000000, 0.000000, -0.000000, 0.068675, 0.068675, 0.000000, 0.000000
[ INFO] [1541427610.884319639]: 23.750000, 0.000000, 0.000000, -0.000000, -0.000000, 0.000000, -0.000000, 0.058374, 0.058374, 0.000000, 0.000000
[ INFO] [1541427610.934326210]: 23.799999, 0.000000, 0.000000, -0.000000, -0.000000, 0.000000, -0.000000, 0.049618, 0.049618, 0.000000, 0.000000
[ INFO] [1541427610.984329344]: 23.850000, 0.000000, 0.000000, -0.000000, -0.000000, 0.000000, -0.000000, 0.042175, 0.042175, 0.000000, 0.000000
[ INFO] [1541427611.034333259]: 23.900000, 0.000000, 0.000000, -0.000000, -0.000000, 0.000000, -0.000000, 0.035849, 0.035849, 0.000000, 0.000000
[ INFO] [1541427611.084335612]: 23.950001, 0.000000, 0.000000, -0.000000, -0.000000, 0.000000, -0.000000, 0.030472, 0.030472, 0.000000, 0.000000
[ INFO] [1541427611.134322237]: 24.000000, 0.000000, 0.000000, -0.000000, -0.000000, 0.000000, -0.000000, 0.025901, 0.025901, 0.000000, 0.000000
[ INFO] [1541427611.184323861]: 24.049999, 0.000000, 0.000000, -0.000000, -0.000000, 0.000000, -0.000000, 0.022016, 0.022016, 0.000000, 0.000000
[ INFO] [1541427611.234338505]: 24.100000, 0.000000, 0.000000, -0.000000, -0.000000, 0.000000, -0.000000, 0.018713, 0.018713, 0.000000, 0.000000
[ INFO] [1541427611.284307109]: 24.150000, 0.000000, 0.000000, -0.000000, -0.000000, 0.000000, -0.000000, 0.015906, 0.015906, 0.000000, 0.000000
[ INFO] [1541427611.334329202]: 24.200001, 0.000000, 0.000000, -0.000000, -0.000000, 0.000000, -0.000000, 0.013520, 0.013520, 0.000000, 0.000000