[ INFO] [1541515112.455554342]: 2.700000, 0.000000, 0.000000, -0.000000, -0.000000, 0.000000, -0.000000, 0.000000, 0.000000, 0.000000, 0.000000
[ INFO] [1541515112.505524947]: 2.750000, 0.000000, 0.000000, -0.000000, -0.000000, 0.000000, -0.000000, 0.000000, 0.000000, 0.000000, 0.000000
[ INFO] [1541515112.555604407]: 2.800000, 0.000000, 0.000000, -0.000000, -0.000000, 0.000000, -0.000000, 0.000000, 0.000000, 0.000000, 0.000000
[ INFO] [1541515112.605529231]: 2.850000, 0.000000, 0.000000, -0.000000, -0.000000, 0.000000, -0.000000, 0.000000, 0.000000, 0.000000, 0.000000
[ INFO] [1541515112.655537388]: 2.900000, 0.000000, 0.000000, -0.000000, -0.000000, 0.000000, -0.000000, 0.000000, 0.000000, 0.000000, 0.000000
[ INFO] [1541515112.705534816]: 2.950000, 0.000000, 0.000000, -0.000000, -0.000000, 0.000000, -0.000000, 0.000000, 0.000000, 0.000000, 0.000000
[ INFO] [1541515112.755579015]: 3.000000, 0.000000, 0.000000, -0.000000, -0.000000, 0.000000, -0.000000, 0.000000, 0.000000, 0.000000, 0.000000
[ INFO] [1541515112.805545767]: 3.050000, 0.000000, 0.000000, -0.000000, -0.000000, 0.000000, -0.000000, 0.000000, 0.000000, 0.000000, 0.000000
[ INFO] [1541515112.855567153]: 3.100000, 0.000000, 0.000000, -0.000000, -0.000000, 0.000000, -0.000000, 0.000000, 0.000000, 0.000000, 0.000000
[ INFO] [1541515112.905530623]: 3.150000, 0.000000, 0.000000, -0.000000, -0.000000, 0.000000, -0.000000, 0.000000, 0.000000, 0.000000, 0.000000
[ INFO] [1541515112.955578468]: 3.200000, 0.000000, 0.000000, -0.000000, -0.000000, 0.000000, -0.000000, 0.000000, 0.000000, 0.000000, 0.000000
[ INFO] [1541515113.005526834]: 3.250000, 0.000000, 0.000000, -0.000000, -0.000000, 0.000000, -0.000000, 0.000000, 0.000000, 0.000000, 0.000000
[ INFO] [1541515113.055547068]: 3.300000, 0.000000, 0.000000, -0.000000, -0.000000, 0.000000, -0.000000, 0.000000, 0.000000, 0.000000, 0.000000
[ INFO] [1541515113.105556572]: 3.350000, 0.000000, 1.000000, -0.000000, -0.000000, 0.000000, -0.000000, 17.341245, 17.341245, 1.804500, 1.804500
[ INFO] [1541515113.155615087]: 3.400000, 0.000000, 1.000000, -0.000000, -0.000000, 0.000000, -0.000000, 32.081303, 32.081303, 1.804500, 1.804500
[ INFO] [1541515113.205553133]: 3.450000, 0.000000, 1.000000, -0.000000, -0.000000, 0.000000, -0.000000, 44.610352, 44.610352, 1.804500, 1.804500
[ INFO] [1541515113.255586544]: 3.500000, 0.000000, 1.000000, 0.009468, 0.015780, 0.022148, 0.012624, 55.635215, 55.635215, 1.832259, 1.731058
[ INFO] [1541515113.305581517]: 3.550000, 0.000000, 1.000000, 0.018936, 0.031561, 0.044296, 0.025249, 65.377984, 65.377984, 1.859649, 1.657738
[ INFO] [1541515113.355603157]: 3.600000, 0.000000, 1.000000, 0.053653, 0.063121, 0.033222, 0.058387, 73.236022, 73.236022, 1.774236, 1.623769
[ INFO] [1541515113.405566932]: 3.650000, 0.000000, 1.000000, 0.088370, 0.100994, 0.044296, 0.094682, 79.916657, 79.916657, 1.733008, 1.533795
[ INFO] [1541515113.455550915]: 3.700000, 0.000000, 1.000000, 0.135711, 0.148335, 0.044296, 0.142023, 85.307458, 85.307458, 1.646661, 1.449287
[ INFO] [1541515113.505570993]: 3.750000, 0.000000, 1.000000, 0.183052, 0.192520, 0.033222, 0.187786, 89.395638, 89.395638, 1.538851, 1.392154
[ INFO] [1541515113.555590185]: 3.800000, 0.000000, 1.000000, 0.230393, 0.243017, 0.044296, 0.236705, 92.789121, 92.789121, 1.473968, 1.280273
[ INFO] [1541515113.605565991]: 3.850000, 0.000000, 1.000000, 0.280890, 0.293514, 0.044296, 0.287202, 95.366661, 95.366661, 1.381865, 1.190132
[ INFO] [1541515113.655562162]: 3.900000, 0.000000, 1.000000, 0.318763, 0.350323, 0.110739, 0.334543, 98.517704, 98.517704, 1.436650, 0.961918
[ INFO] [1541515113.705574791]: 3.950000, 0.000000, 1.000000, 0.375572, 0.388196, 0.044296, 0.381884, 99.660488, 99.660488, 1.209172, 1.021118
[ INFO] [1541515113.755595077]: 4.000000, 0.000000, 1.000000, 0.419757, 0.432381, 0.044296, 0.426069, 100.000000, 100.000000, 1.128581, 0.942245
[ INFO] [1541515113.805559529]: 4.050000, 0.000000, 1.000000, 0.454474, 0.476566, 0.077517, 0.465520, 100.000000, 100.000000, 1.125421, 0.802015
[ INFO] [1541515113.855576638]: 4.100000, 0.000000, 1.000000, 0.504971, 0.508127, 0.011074, 0.506549, 99.558906, 99.558906, 0.913319, 0.867516
[ INFO] [1541515113.905561351]: 4.150000, 0.000000, 1.000000, 0.539688, 0.542844, 0.011074, 0.541266, 98.977831, 98.977831, 0.850503, 0.805038
[ INFO] [1541515113.955618147]: 4.200000, 0.000000, 1.000000, 0.577560, 0.574404, -0.011074, 0.575982, 97.880230, 97.880230, 0.742561, 0.787688
[ INFO] [1541515114.005549995]: 4.250000, 0.000000, 1.000000, 0.612277, 0.602809, -0.033222, 0.607543, 96.367038, 96.367038, 0.640819, 0.775283
[ INFO] [1541515114.055562930]: 4.300000, 0.000000, 1.000000, 0.643838, 0.631213, -0.044296, 0.637526, 94.711458, 94.711458, 0.564780, 0.742900
[ INFO] [1541515114.105556698]: 4.350000, 0.000000, 1.000000, 0.672242, 0.653306, -0.066443, 0.662774, 92.767797, 92.767797, 0.475118, 0.740826
[ INFO] [1541515114.155590258]: 4.400000, 0.000000, 1.000000, 0.703803, 0.675398, -0.099665, 0.689601, 90.378125, 90.378125, 0.360765, 0.756982
[ INFO] [1541515114.205558140]: 4.450000, 0.000000, 1.000000, 0.732208, 0.700647, -0.110739, 0.716427, 88.005117, 88.005117, 0.291356, 0.728992
[ INFO] [1541515114.255552429]: 4.500000, 0.000000, 1.000000, 0.741676, 0.732208, -0.033222, 0.736942, 87.228990, 87.228990, 0.409204, 0.539897
[ INFO] [1541515114.305560624]: 4.550000, 0.000000, 1.000000, 0.763768, 0.760612, -0.011074, 0.762190, 86.805410, 86.805410, 0.407453, 0.450772
[ INFO] [1541515114.355588663]: 4.600000, 0.000000, 1.000000, 0.776393, 0.776393, 0.000000, 0.776393, 86.551925, 86.551925, 0.403499, 0.403499
[ INFO] [1541515114.405568212]: 4.650000, 0.000000, 1.000000, 0.779549, 0.807953, 0.099665, 0.793751, 87.919723, 87.919723, 0.564491, 0.177379
[ INFO] [1541515114.455551043]: 4.700000, 0.000000, 1.000000, 0.789017, 0.817421, 0.099665, 0.803219, 89.022596, 89.022596, 0.546991, 0.160707
[ INFO] [1541515114.505556425]: 4.750000, 0.000000, 1.000000, 0.801641, 0.830046, 0.099665, 0.815843, 89.880361, 89.880361, 0.523659, 0.138479
[ INFO] [1541515114.555570662]: 4.800000, 0.000000, 1.000000, 0.811109, 0.833202, 0.077517, 0.822156, 90.199777, 90.199777, 0.469747, 0.170591
[ INFO] [1541515114.605552503]: 4.850000, 0.000000, 1.000000, 0.807953, 0.833202, 0.088591, 0.820578, 90.666237, 90.666237, 0.493794, 0.151779
[ INFO] [1541515114.655551740]: 4.900000, 0.000000, 1.000000, 0.820578, 0.842670, 0.077517, 0.831624, 90.808899, 90.808899, 0.452340, 0.153828
[ INFO] [1541515114.705573789]: 4.950000, 0.000000, 1.000000, 0.830046, 0.836358, 0.022148, 0.833202, 89.993153, 89.993153, 0.343555, 0.258297
[ INFO] [1541515114.755586099]: 5.000000, 0.000000, 1.000000, 0.842670, 0.839514, -0.011074, 0.841092, 88.693802, 88.693802, 0.265458, 0.308010
[ INFO] [1541515114.805550440]: 5.050000, 0.000000, 1.000000, 0.845826, 0.836358, -0.033222, 0.841092, 87.215382, 87.215382, 0.222783, 0.350440
[ INFO] [1541515114.855547229]: 5.100000, 0.000000, 1.000000, 0.852138, 0.839514, -0.044296, 0.845826, 85.744292, 85.744292, 0.192948, 0.362975
[ INFO] [1541515114.905549642]: 5.150000, 0.000000, 1.000000, 0.861606, 0.842670, -0.066443, 0.852138, 84.083149, 84.083149, 0.138929, 0.393601
[ INFO] [1541515114.955612473]: 5.200000, 0.000000, 1.000000, 0.861606, 0.836358, -0.088591, 0.848982, 82.312705, 82.312705, 0.101627, 0.441434
[ INFO] [1541515115.005904939]: 5.250000, 0.000000, 1.000000, 0.864762, 0.836358, -0.099665, 0.850560, 80.610662, 80.610662, 0.077350, 0.459495
[ INFO] [1541515115.056366772]: 5.300000, 0.000000, 1.000000, 0.867919, 0.845826, -0.077517, 0.856872, 79.505425, 79.505425, 0.109125, 0.405920
[ INFO] [1541515115.106088242]: 5.350000, 0.000000, 1.000000, 0.864762, 0.852138, -0.044296, 0.858450, 79.118812, 79.118812, 0.170413, 0.339949
[ INFO] [1541515115.155606899]: 5.400000, 0.000000, 1.000000, 0.864762, 0.855294, -0.033222, 0.860028, 78.967733, 78.967733, 0.188888, 0.315994
[ INFO] [1541515115.205558576]: 5.450000, 0.000000, 1.000000, 0.877387, 0.864762, -0.044296, 0.871075, 78.589759, 78.589759, 0.147878, 0.316923
[ INFO] [1541515115.255635879]: 5.500000, 0.000000, 1.000000, 0.877387, 0.867919, -0.033222, 0.872653, 78.445433, 78.445433, 0.166291, 0.293029
[ INFO] [1541515115.305545056]: 5.550000, 0.000000, 1.000000, 0.877387, 0.867919, -0.033222, 0.872653, 78.322757, 78.322757, 0.166291, 0.293029
[ INFO] [1541515115.355583817]: 5.600000, 0.000000, 1.000000, 0.883699, 0.877387, -0.022148, 0.880543, 78.358391, 78.358391, 0.173329, 0.257669
[ INFO] [1541515115.405644713]: 5.650000, 0.000000, 1.000000, 0.877387, 0.877387, 0.000000, 0.877387, 78.776977, 78.776977, 0.221256, 0.221256
[ INFO] [1541515115.455551391]: 5.700000, 0.000000, 1.000000, 0.886855, 0.883699, -0.011074, 0.885277, 78.901810, 78.901810, 0.185941, 0.228064
[ INFO] [1541515115.505544631]: 5.750000, 0.000000, 1.000000, 0.890011, 0.890011, 0.000000, 0.890011, 79.164511, 79.164511, 0.198475, 0.198475
[ INFO] [1541515115.555574225]: 5.800000, 0.000000, 1.000000, 0.883699, 0.877387, -0.022148, 0.880543, 79.073882, 79.073882, 0.173329, 0.257669
[ INFO] [1541515115.605537934]: 5.850000, 0.000000, 1.000000, 0.893167, 0.886855, -0.022148, 0.890011, 78.941955, 78.941955, 0.156336, 0.240491
[ INFO] [1541515115.655549768]: 5.900000, 0.000000, 1.000000, 0.877387, 0.890011, 0.044296, 0.883699, 79.971098, 79.971098, 0.293898, 0.125342
[ INFO] [1541515115.705542591]: 5.950000, 0.000000, 1.000000, 0.880543, 0.886855, 0.022148, 0.883699, 80.478821, 80.478821, 0.251943, 0.167665
[ INFO] [1541515115.755582133]: 6.000000, 0.000000, 1.000000, 0.890011, 0.893167, 0.011074, 0.891589, 80.679565, 80.679565, 0.216643, 0.174581
[ INFO] [1541515115.805549957]: 6.050000, 0.000000, 1.000000, 0.886855, 0.890011, 0.011074, 0.888433, 80.868938, 80.868938, 0.222354, 0.180261
[ INFO] [1541515115.855546061]: 6.100000, 0.000000, 1.000000, 0.880543, 0.890011, 0.033222, 0.885277, 81.416140, 81.416140, 0.270065, 0.143694
[ INFO] [1541515115.905544666]: 6.150000, 0.000000, 1.000000, 0.896323, 0.896323, 0.000000, 0.896323, 81.264504, 81.264504, 0.187085, 0.187085
[ INFO] [1541515115.955589885]: 6.200000, 0.000000, 1.000000, 0.890011, 0.883699, -0.022148, 0.886855, 80.822283, 80.822283, 0.162001, 0.246217
[ INFO] [1541515116.005543542]: 6.250000, 0.000000, 1.000000, 0.896323, 0.880543, -0.055370, 0.888433, 79.881589, 79.881589, 0.095707, 0.306172
[ INFO] [1541515116.055546462]: 6.300000, 0.000000, 1.000000, 0.896323, 0.886855, -0.033222, 0.891589, 79.434581, 79.434581, 0.132396, 0.258583
[ INFO] [1541515116.105541727]: 6.350000, 0.000000, 1.000000, 0.890011, 0.883699, -0.022148, 0.886855, 79.266848, 79.266848, 0.162001, 0.246217
[ INFO] [1541515116.155584282]: 6.400000, 0.000000, 1.000000, 0.896323, 0.880543, -0.055370, 0.888433, 78.559469, 78.559469, 0.095707, 0.306172
[ INFO] [1541515116.205559338]: 6.450000, 0.000000, 1.000000, 0.886855, 0.874231, -0.044296, 0.880543, 78.188719, 78.188719, 0.130976, 0.299654
[ INFO] [1541515116.255547467]: 6.500000, 0.000000, 1.000000, 0.886855, 0.880543, -0.022148, 0.883699, 78.226160, 78.226160, 0.167665, 0.251943
[ INFO] [1541515116.305598252]: 6.550000, 0.000000, 1.000000, 0.883699, 0.883699, 0.000000, 0.883699, 78.627394, 78.627394, 0.209865, 0.209865
[ INFO] [1541515116.355586485]: 6.600000, 0.000000, 1.000000, 0.877387, 0.880543, 0.011074, 0.878965, 79.180815, 79.180815, 0.239485, 0.197300
[ INFO] [1541515116.405562790]: 6.650000, 0.000000, 1.000000, 0.890011, 0.883699, -0.022148, 0.886855, 79.051147, 79.051147, 0.162001, 0.246217
[ INFO] [1541515116.455549148]: 6.700000, 0.000000, 1.000000, 0.890011, 0.886855, -0.011074, 0.888433, 79.116409, 79.116409, 0.180261, 0.222354
[ INFO] [1541515116.505542173]: 6.750000, 0.000000, 1.000000, 0.886855, 0.890011, 0.011074, 0.888433, 79.540256, 79.540256, 0.222354, 0.180261
[ INFO] [1541515116.555583322]: 6.800000, 0.000000, 1.000000, 0.890011, 0.893167, 0.011074, 0.891589, 79.881785, 79.881785, 0.216643, 0.174581
[ INFO] [1541515116.605551503]: 6.850000, 0.000000, 1.000000, 0.896323, 0.893167, -0.011074, 0.894745, 79.785559, 79.785559, 0.168901, 0.210933
[ INFO] [1541515116.655553955]: 6.900000, 0.000000, 1.000000, 0.899479, 0.890011, -0.033222, 0.894745, 79.334805, 79.334805, 0.126747, 0.252841
[ INFO] [1541515116.705553802]: 6.950000, 0.000000, 1.000000, 0.896323, 0.886855, -0.033222, 0.891589, 78.969814, 78.969814, 0.132396, 0.258583
[ INFO] [1541515116.755584587]: 7.000000, 0.000000, 1.000000, 0.902635, 0.883699, -0.066443, 0.893167, 78.094622, 78.094622, 0.066088, 0.318368
[ INFO] [1541515116.805542560]: 7.050000, 0.000000, 1.000000, 0.890011, 0.893167, 0.011074, 0.891589, 78.652996, 78.652996, 0.216643, 0.174581
[ INFO] [1541515116.855553501]: 7.100000, 0.000000, 1.000000, 0.893167, 0.896323, 0.011074, 0.894745, 79.108874, 79.108874, 0.210933, 0.168901
[ INFO] [1541515116.905554390]: 7.150000, 0.000000, 1.000000, 0.893167, 0.890011, -0.011074, 0.891589, 79.147031, 79.147031, 0.174581, 0.216643
[ INFO] [1541515116.955581633]: 7.200000, 0.000000, 1.000000, 0.896323, 0.890011, -0.022148, 0.893167, 78.985834, 78.985834, 0.150672, 0.234765
[ INFO] [1541515117.005551377]: 7.250000, 0.000000, 1.000000, 0.886855, 0.896323, 0.033222, 0.891589, 79.777427, 79.777427, 0.258583, 0.132396
[ INFO] [1541515117.055553144]: 7.300000, 0.000000, 1.000000, 0.890011, 0.905791, 0.055370, 0.897901, 80.777344, 80.777344, 0.288856, 0.078852
[ INFO] [1541515117.105541005]: 7.350000, 0.000000, 1.000000, 0.893167, 0.902635, 0.033222, 0.897901, 81.262140, 81.262140, 0.247100, 0.121098
[ INFO] [1541515117.155563867]: 7.400000, 0.000000, 1.000000, 0.896323, 0.905791, 0.033222, 0.901057, 81.655182, 81.655182, 0.241359, 0.115449
[ INFO] [1541515117.205545999]: 7.450000, 0.000000, 1.000000, 0.899479, 0.905791, 0.022148, 0.902635, 81.796962, 81.796962, 0.217588, 0.133678
[ INFO] [1541515117.255557193]: 7.500000, 0.000000, 1.000000, 0.893167, 0.905791, 0.044296, 0.899479, 82.301939, 82.301939, 0.265115, 0.097174
[ INFO] [1541515117.305553231]: 7.550000, 0.000000, 1.000000, 0.902635, 0.908947, 0.022148, 0.905791, 82.327818, 82.327818, 0.211862, 0.128014
[ INFO] [1541515117.355583853]: 7.600000, 0.000000, 1.000000, 0.896323, 0.896323, 0.000000, 0.896323, 82.039431, 82.039431, 0.187085, 0.187085
[ INFO] [1541515117.405551714]: 7.650000, 0.000000, 1.000000, 0.902635, 0.896323, -0.022148, 0.899479, 81.407776, 81.407776, 0.139343, 0.223314
[ INFO] [1541515117.455548898]: 7.700000, 0.000000, 1.000000, 0.902635, 0.905791, 0.011074, 0.904213, 81.394215, 81.394215, 0.193801, 0.151862
[ INFO] [1541515117.505552124]: 7.750000, 0.000000, 1.000000, 0.896323, 0.896323, 0.000000, 0.896323, 81.245868, 81.245868, 0.187085, 0.187085
[ INFO] [1541515117.555579412]: 7.800000, 0.000000, 1.000000, 0.912104, 0.902635, -0.033222, 0.907369, 80.503463, 80.503463, 0.104151, 0.229877
[ INFO] [1541515117.605535867]: 7.850000, 0.000000, 1.000000, 0.912104, 0.899479, -0.044296, 0.905791, 79.697086, 79.697086, 0.085906, 0.253602
[ INFO] [1541515117.655551801]: 7.900000, 0.000000, 1.000000, 0.912104, 0.902635, -0.033222, 0.907369, 79.186997, 79.186997, 0.104151, 0.229877
[ INFO] [1541515117.705544506]: 7.950000, 0.000000, 1.000000, 0.918416, 0.908947, -0.033222, 0.913682, 78.717120, 78.717120, 0.092853, 0.218395
[ INFO] [1541515117.755582888]: 8.000000, 0.000000, 1.000000, 0.915260, 0.905791, -0.033222, 0.910526, 78.335875, 78.335875, 0.098502, 0.224136
[ INFO] [1541515117.805536739]: 8.050000, 0.000000, 1.000000, 0.918416, 0.908947, -0.033222, 0.913682, 77.993666, 77.993666, 0.092853, 0.218395
[ INFO] [1541515117.855543766]: 8.100000, 0.000000, 1.000000, 0.924728, 0.915260, -0.033222, 0.919994, 77.666485, 77.666485, 0.081554, 0.206913
[ INFO] [1541515117.905544700]: 8.150000, 0.000000, 1.000000, 0.912104, 0.902635, -0.033222, 0.907369, 77.460987, 77.460987, 0.104151, 0.229877
[ INFO] [1541515117.955583239]: 8.200000, 0.000000, 1.000000, 0.915260, 0.915260, 0.000000, 0.915260, 77.791065, 77.791065, 0.152914, 0.152914
[ INFO] [1541515118.005543496]: 8.250000, 0.000000, 1.000000, 0.905791, 0.918416, 0.044296, 0.912104, 78.820196, 78.820196, 0.242089, 0.074638
[ INFO] [1541515118.055537912]: 8.300000, 0.000000, 1.000000, 0.899479, 0.908947, 0.033222, 0.904213, 79.560495, 79.560495, 0.235618, 0.109800
[ INFO] [1541515118.105547225]: 8.350000, 0.000000, 1.000000, 0.918416, 0.912104, -0.022148, 0.915260, 79.209188, 79.209188, 0.111021, 0.194685
[ INFO] [1541515118.155571121]: 8.400000, 0.000000, 1.000000, 0.905791, 0.908947, 0.011074, 0.907369, 79.506675, 79.506675, 0.188091, 0.146182
[ INFO] [1541515118.205547569]: 8.450000, 0.000000, 1.000000, 0.902635, 0.915260, 0.044296, 0.908947, 80.297647, 80.297647, 0.247846, 0.080272
[ INFO] [1541515118.255595423]: 8.500000, 0.000000, 1.000000, 0.908947, 0.918416, 0.033222, 0.913682, 80.759222, 80.759222, 0.218395, 0.092853
[ INFO] [1541515118.305559631]: 8.550000, 0.000000, 1.000000, 0.905791, 0.905791, 0.000000, 0.905791, 80.650345, 80.650345, 0.169999, 0.169999
[ INFO] [1541515118.355587693]: 8.600000, 0.000000, 1.000000, 0.912104, 0.912104, 0.000000, 0.912104, 80.520613, 80.520613, 0.158609, 0.158609
[ INFO] [1541515118.405560964]: 8.650000, 0.000000, 1.000000, 0.902635, 0.912104, 0.033222, 0.907369, 80.986814, 80.986814, 0.229877, 0.104151
[ INFO] [1541515118.455539964]: 8.700000, 0.000000, 1.000000, 0.896323, 0.905791, 0.033222, 0.901057, 81.421154, 81.421154, 0.241359, 0.115449
[ INFO] [1541515118.505547037]: 8.750000, 0.000000, 1.000000, 0.896323, 0.902635, 0.022148, 0.899479, 81.616927, 81.616927, 0.223314, 0.139343
[ INFO] [1541515118.555577495]: 8.800000, 0.000000, 1.000000, 0.893167, 0.902635, 0.033222, 0.897901, 81.975786, 81.975786, 0.247100, 0.121098
[ INFO] [1541515118.605544360]: 8.850000, 0.000000, 1.000000, 0.886855, 0.896323, 0.033222, 0.891589, 82.318886, 82.318886, 0.258583, 0.132396
[ INFO] [1541515118.655548151]: 8.900000, 0.000000, 1.000000, 0.893167, 0.893167, 0.000000, 0.893167, 82.050432, 82.050432, 0.192780, 0.192780
[ INFO] [1541515118.705542568]: 8.950000, 0.000000, 1.000000, 0.893167, 0.886855, -0.022148, 0.890011, 81.472023, 81.472023, 0.156336, 0.240491
[ INFO] [1541515118.755571724]: 9.000000, 0.000000, 1.000000, 0.886855, 0.880543, -0.022148, 0.883699, 81.016969, 81.016969, 0.167665, 0.251943
[ INFO] [1541515118.805536714]: 9.050000, 0.000000, 1.000000, 0.896323, 0.880543, -0.055370, 0.888433, 80.047072, 80.047072, 0.095707, 0.306172
[ INFO] [1541515118.855541130]: 9.100000, 0.000000, 1.000000, 0.893167, 0.880543, -0.044296, 0.886855, 79.417173, 79.417173, 0.119708, 0.288141
[ INFO] [1541515118.905543672]: 9.150000, 0.000000, 1.000000, 0.896323, 0.877387, -0.066444, 0.886855, 78.510291, 78.510291, 0.077294, 0.329943
[ INFO] [1541515118.955571474]: 9.200000, 0.000000, 1.000000, 0.890011, 0.877387, -0.044296, 0.883699, 78.128913, 78.128913, 0.125342, 0.293898
[ INFO] [1541515119.005535474]: 9.250000, 0.000000, 1.000000, 0.893167, 0.877387, -0.055370, 0.885277, 77.610081, 77.610081, 0.101326, 0.311943
[ INFO] [1541515119.055535613]: 9.300000, 0.000000, 1.000000, 0.886855, 0.867919, -0.066444, 0.877387, 77.027391, 77.027391, 0.094103, 0.347304
[ INFO] [1541515119.105543512]: 9.350000, 0.000000, 1.000000, 0.886855, 0.880543, -0.022148, 0.883699, 77.239032, 77.239032, 0.167665, 0.251943
[ INFO] [1541515119.155574015]: 9.400000, 0.000000, 1.000000, 0.874231, 0.883699, 0.033222, 0.878965, 78.368790, 78.368790, 0.281547, 0.154993
[ INFO] [1541515119.205633581]: 9.450000, 0.000000, 1.000000, 0.871075, 0.880543, 0.033222, 0.875809, 79.348115, 79.348115, 0.287288, 0.160642
[ INFO] [1541515119.255534240]: 9.500000, 0.000000, 1.000000, 0.880543, 0.883699, 0.011074, 0.882121, 79.774691, 79.774691, 0.233775, 0.191620
[ INFO] [1541515119.305560837]: 9.550000, 0.000000, 1.000000, 0.871075, 0.883699, 0.044296, 0.877387, 80.717288, 80.717288, 0.305411, 0.136610
[ INFO] [1541515119.355623320]: 9.600000, 0.000000, 1.000000, 0.874231, 0.893167, 0.066444, 0.883699, 81.846000, 81.846000, 0.335730, 0.082897
[ INFO] [1541515119.405569344]: 9.650000, 0.000000, 1.000000, 0.871075, 0.893167, 0.077518, 0.882121, 82.997711, 82.997711, 0.359501, 0.064422
[ INFO] [1541515119.455535628]: 9.700000, 0.000000, 1.000000, 0.877387, 0.883699, 0.022148, 0.880543, 83.070330, 83.070330, 0.257669, 0.173329
[ INFO] [1541515119.505547225]: 9.750000, 0.000000, 1.000000, 0.883699, 0.886855, 0.011074, 0.885277, 82.919829, 82.919829, 0.228064, 0.185941
[ INFO] [1541515119.555584760]: 9.800000, 0.000000, 1.000000, 0.871075, 0.886855, 0.055370, 0.878965, 83.564368, 83.564368, 0.323487, 0.112563
[ INFO] [1541515119.605552451]: 9.850000, 0.000000, 1.000000, 0.877387, 0.893167, 0.055370, 0.885277, 84.073566, 84.073566, 0.311943, 0.101326
[ INFO] [1541515119.655544777]: 9.900000, 0.000000, 1.000000, 0.871075, 0.880543, 0.033222, 0.875809, 84.197175, 84.197175, 0.287288, 0.160642
[ INFO] [1541515119.705575540]: 9.950000, 0.000000, 1.000000, 0.877387, 0.874231, -0.011074, 0.875809, 83.564317, 83.564317, 0.202980, 0.245196
[ INFO] [1541515119.755564898]: 10.000000, 0.000000, 1.000000, 0.880543, 0.880543, 0.000000, 0.880543, 83.183421, 83.183421, 0.215560, 0.215560
[ INFO] [1541515119.805568109]: 10.050000, 0.000000, 1.000000, 0.874231, 0.867919, -0.022148, 0.871075, 82.544855, 82.544855, 0.190323, 0.274846
[ INFO] [1541515119.855544707]: 10.100000, 0.000000, 1.000000, 0.880543, 0.871075, -0.033222, 0.875809, 81.789114, 81.789114, 0.160642, 0.287288
[ INFO] [1541515119.905552606]: 10.150000, 0.000000, 1.000000, 0.886855, 0.864762, -0.077518, 0.875809, 80.401734, 80.401734, 0.075598, 0.371106
[ INFO] [1541515119.955576807]: 10.200000, 0.000000, 1.000000, 0.886855, 0.867919, -0.066444, 0.877387, 79.400296, 79.400296, 0.094103, 0.347304
[ INFO] [1541515120.005553403]: 10.250000, 0.000000, 1.000000, 0.886855, 0.867919, -0.066444, 0.877387, 78.549074, 78.549074, 0.094103, 0.347304
[ INFO] [1541515120.055540150]: 10.300000, 0.000000, 1.000000, 0.886855, 0.864762, -0.077518, 0.875809, 77.647700, 77.647700, 0.075598, 0.371106
[ INFO] [1541515120.105546636]: 10.350000, 0.000000, 1.000000, 0.886855, 0.861606, -0.088592, 0.874231, 76.703252, 76.703252, 0.057047, 0.394893
[ INFO] [1541515120.155551507]: 10.400000, 0.000000, 1.000000, 0.886855, 0.871075, -0.055370, 0.878965, 76.433982, 76.433982, 0.112563, 0.323487
[ INFO] [1541515120.205542420]: 10.450000, 0.000000, 1.000000, 0.883699, 0.864762, -0.066444, 0.874231, 76.045416, 76.045416, 0.099706, 0.353091
[ INFO] [1541515120.255552030]: 10.500000, 0.000000, 1.000000, 0.877387, 0.864762, -0.044296, 0.871075, 76.105790, 76.105790, 0.147878, 0.316923
[ INFO] [1541515120.305578777]: 10.550000, 0.000000, 1.000000, 0.874231, 0.883699, 0.033222, 0.878965, 77.405534, 77.405534, 0.281547, 0.154993
[ INFO] [1541515120.355557919]: 10.600000, 0.000000, 1.000000, 0.855294, 0.877387, 0.077517, 0.866341, 79.321433, 79.321433, 0.388513, 0.092362
[ INFO] [1541515120.405561904]: 10.650000, 0.000000, 1.000000, 0.871075, 0.880543, 0.033222, 0.875809, 80.157862, 80.157862, 0.287288, 0.160642
[ INFO] [1541515120.455544015]: 10.700000, 0.000000, 1.000000, 0.867919, 0.883699, 0.055370, 0.875809, 81.236026, 81.236026, 0.329259, 0.118181
[ INFO] [1541515120.505564772]: 10.750000, 0.000000, 1.000000, 0.855294, 0.886855, 0.110739, 0.871075, 83.095396, 83.095396, 0.442420, 0.019806
[ INFO] [1541515120.555546987]: 10.800000, 0.000000, 1.000000, 0.864762, 0.896323, 0.110739, 0.880543, 84.615661, 84.615661, 0.424875, 0.003180
[ INFO] [1541515120.605547171]: 10.850000, 0.000000, 1.000000, 0.871075, 0.896323, 0.088592, 0.883699, 85.524308, 85.524308, 0.377439, 0.040329
[ INFO] [1541515120.655556834]: 10.900000, 0.000000, 1.000000, 0.871075, 0.890011, 0.066444, 0.880543, 85.951444, 85.951444, 0.341517, 0.088500
[ INFO] [1541515120.705558892]: 10.950000, 0.000000, 1.000000, 0.871075, 0.890011, 0.066444, 0.880543, 86.314510, 86.314510, 0.341517, 0.088500
[ INFO] [1541515120.755561784]: 11.000000, 0.000000, 1.000000, 0.874231, 0.893167, 0.066444, 0.883699, 86.603638, 86.603638, 0.335730, 0.082897
[ INFO] [1541515120.805542385]: 11.050000, 0.000000, 1.000000, 0.880543, 0.886855, 0.022148, 0.883699, 86.116480, 86.116480, 0.251943, 0.167665
[ INFO] [1541515120.855559079]: 11.100000, 0.000000, 1.000000, 0.883699, 0.874231, -0.033222, 0.878965, 84.806841, 84.806841, 0.154993, 0.281547
[ INFO] [1541515120.905554731]: 11.150000, 0.000000, 1.000000, 0.886855, 0.874231, -0.044296, 0.880543, 83.498984, 83.498984, 0.130976, 0.299654
[ INFO] [1541515120.955572675]: 11.200000, 0.000000, 1.000000, 0.886855, 0.867919, -0.066444, 0.877387, 82.032959, 82.032959, 0.094103, 0.347304
[ INFO] [1541515121.005552598]: 11.250000, 0.000000, 1.000000, 0.893167, 0.867919, -0.088592, 0.880543, 80.395893, 80.395893, 0.045902, 0.383257
[ INFO] [1541515121.055554338]: 11.300000, 0.000000, 1.000000, 0.896323, 0.864762, -0.110739, 0.880543, 78.629974, 78.629974, 0.003180, 0.424875
[ INFO] [1541515121.105615139]: 11.350000, 0.000000, 1.000000, 0.908947, 0.867919, -0.143961, 0.888433, 76.523418, 76.523418, -0.074871, 0.472335
[ INFO] [1541515121.155600420]: 11.400000, 0.000000, 1.000000, 0.902635, 0.874231, -0.099665, 0.888433, 75.482556, 75.482556, 0.010664, 0.389499
[ INFO] [1541515121.205550024]: 11.450000, 0.000000, 1.000000, 0.905791, 0.877387, -0.099665, 0.891589, 74.580557, 74.580557, 0.005106, 0.383665
[ INFO] [1541515121.255579159]: 11.500000, 0.000000, 1.000000, 0.905791, 0.886855, -0.066443, 0.896323, 74.346044, 74.346044, 0.060485, 0.312581
[ INFO] [1541515121.305564440]: 11.550000, 0.000000, 1.000000, 0.905791, 0.890011, -0.055370, 0.897901, 74.323218, 74.323218, 0.078852, 0.288856
[ INFO] [1541515121.355591700]: 11.600000, 0.000000, 1.000000, 0.912104, 0.905791, -0.022148, 0.908947, 74.794100, 74.794100, 0.122350, 0.206136
[ INFO] [1541515121.405545523]: 11.650000, 0.000000, 1.000000, 0.896323, 0.899479, 0.011074, 0.897901, 75.810072, 75.810072, 0.205222, 0.163222
[ INFO] [1541515121.455558147]: 11.700000, 0.000000, 1.000000, 0.905791, 0.912104, 0.022148, 0.908947, 76.790843, 76.790843, 0.206136, 0.122350
[ INFO] [1541515121.505547960]: 11.750000, 0.000000, 1.000000, 0.896323, 0.921572, 0.088591, 0.908947, 78.715037, 78.715037, 0.330897, -0.004250
[ INFO] [1541515121.555563032]: 11.800000, 0.000000, 1.000000, 0.890011, 0.915260, 0.088591, 0.902635, 80.390144, 80.390144, 0.342532, 0.006895
[ INFO] [1541515121.605533938]: 11.850000, 0.000000, 1.000000, 0.902635, 0.921572, 0.066443, 0.912104, 81.392631, 81.392631, 0.283646, 0.032469
[ INFO] [1541515121.655578177]: 11.900000, 0.000000, 1.000000, 0.896323, 0.915260, 0.066443, 0.905791, 82.283699, 82.283699, 0.295220, 0.043675
[ INFO] [1541515121.705565750]: 11.950000, 0.000000, 1.000000, 0.893167, 0.927884, 0.121813, 0.910526, 83.915149, 83.915149, 0.389931, -0.070728
[ INFO] [1541515121.755568843]: 12.000000, 0.000000, 1.000000, 0.902635, 0.924728, 0.077517, 0.913682, 84.560240, 84.560240, 0.301476, 0.008545
[ INFO] [1541515121.805544072]: 12.050000, 0.000000, 1.000000, 0.905791, 0.915260, 0.033222, 0.910526, 84.401462, 84.401462, 0.224136, 0.098502
[ INFO] [1541515121.855568416]: 12.100000, 0.000000, 1.000000, 0.908947, 0.915260, 0.022148, 0.912104, 84.074637, 84.074637, 0.200411, 0.116685
[ INFO] [1541515121.905553957]: 12.150000, 0.000000, 1.000000, 0.902635, 0.912104, 0.033222, 0.907369, 84.007734, 84.007734, 0.229877, 0.104151
[ INFO] [1541515121.955586738]: 12.200000, 0.000000, 1.000000, 0.905791, 0.908947, 0.011074, 0.907369, 83.585439, 83.585439, 0.188091, 0.146182
[ INFO] [1541515122.005546081]: 12.250000, 0.000000, 1.000000, 0.918416, 0.902635, -0.055370, 0.910526, 82.105278, 82.105278, 0.056378, 0.265769
[ INFO] [1541515122.055560157]: 12.300000, 0.000000, 1.000000, 0.912104, 0.893167, -0.066443, 0.902635, 80.706638, 80.706638, 0.049279, 0.301007
[ INFO] [1541515122.105559181]: 12.350000, 0.000000, 1.000000, 0.912104, 0.890011, -0.077517, 0.901057, 79.341136, 79.341136, 0.030896, 0.324686
[ INFO] [1541515122.155558986]: 12.400000, 0.000000, 1.000000, 0.915260, 0.890011, -0.088591, 0.902635, 77.985945, 77.985945, 0.006895, 0.342532
[ INFO] [1541515122.205562958]: 12.450000, 0.000000, 1.000000, 0.915260, 0.877387, -0.132887, 0.896323, 76.121799, 76.121799, -0.067219, 0.436974
[ INFO] [1541515122.255562868]: 12.500000, 0.000000, 1.000000, 0.924728, 0.883699, -0.143961, 0.904213, 74.308081, 74.308081, -0.102350, 0.442862
[ INFO] [1541515122.305561944]: 12.550000, 0.000000, 1.000000, 0.921572, 0.890011, -0.110739, 0.905791, 73.318377, 73.318377, -0.041154, 0.378087
[ INFO] [1541515122.355583780]: 12.600000, 0.000000, 1.000000, 0.918416, 0.890011, -0.099665, 0.904213, 72.671938, 72.671938, -0.017122, 0.360333
[ INFO] [1541515122.405557231]: 12.650000, 0.000000, 1.000000, 0.918416, 0.896323, -0.077517, 0.907369, 72.476517, 72.476517, 0.019720, 0.313081
[ INFO] [1541515122.455553807]: 12.700000, 0.000000, 1.000000, 0.915260, 0.899479, -0.055370, 0.907369, 72.680551, 72.680551, 0.061997, 0.271540
[ INFO] [1541515122.505552154]: 12.750000, 0.000000, 1.000000, 0.921572, 0.915260, -0.022148, 0.918416, 73.342937, 73.342937, 0.105356, 0.188959
[ INFO] [1541515122.555540657]: 12.800000, 0.000000, 1.000000, 0.908947, 0.915260, 0.022148, 0.912104, 74.674891, 74.674891, 0.200411, 0.116685
[ INFO] [1541515122.605547129]: 12.850000, 0.000000, 1.000000, 0.912104, 0.921572, 0.033222, 0.916838, 75.960845, 75.960845, 0.212654, 0.087203
[ INFO] [1541515122.655545997]: 12.900000, 0.000000, 1.000000, 0.902635, 0.934196, 0.110739, 0.918416, 78.310495, 78.310495, 0.354693, -0.063321
[ INFO] [1541515122.705558562]: 12.950000, 0.000000, 1.000000, 0.899479, 0.940508, 0.143961, 0.919994, 80.835641, 80.835641, 0.413390, -0.129829
[ INFO] [1541515122.755545347]: 13.000000, 0.000000, 1.000000, 0.905791, 0.937352, 0.110739, 0.921572, 82.434005, 82.434005, 0.348845, -0.068863
[ INFO] [1541515122.805546245]: 13.050000, 0.000000, 1.000000, 0.908947, 0.937352, 0.099665, 0.923150, 83.602814, 83.602814, 0.325334, -0.050465
[ INFO] [1541515122.855547613]: 13.100000, 0.000000, 1.000000, 0.912104, 0.943664, 0.110739, 0.927884, 84.745969, 84.745969, 0.337148, -0.079947
[ INFO] [1541515122.905551272]: 13.150000, 0.000000, 1.000000, 0.912104, 0.931040, 0.066443, 0.921572, 85.036652, 85.036652, 0.266284, 0.015660
[ INFO] [1541515122.955543057]: 13.200000, 0.000000, 1.000000, 0.931040, 0.927884, -0.011074, 0.929462, 83.964292, 83.964292, 0.106424, 0.148118
[ INFO] [1541515123.005548851]: 13.250000, 0.000000, 1.000000, 0.927884, 0.924728, -0.011074, 0.926306, 83.071232, 83.071232, 0.112103, 0.153828
[ INFO] [1541515123.055540993]: 13.300000, 0.000000, 1.000000, 0.937352, 0.905791, -0.110739, 0.921572, 80.681455, 80.681455, -0.068863, 0.348845
[ INFO] [1541515123.105551781]: 13.350000, 0.000000, 0.000000, 0.940508, 0.905791, -0.121813, 0.923150, 61.114680, 61.114680, -1.897334, -1.438024
[ INFO] [1541515123.155556267]: 13.400000, 0.000000, 0.000000, 0.943664, 0.915260, -0.099665, 0.929462, 44.819412, 44.819412, -1.866079, -1.490832
[ INFO] [1541515123.205559138]: 13.450000, 0.000000, 0.000000, 0.943664, 0.927884, -0.055370, 0.935774, 31.670057, 31.670057, -1.793069, -1.584905
[ INFO] [1541515123.255560811]: 13.500000, 0.000000, 0.000000, 0.908947, 0.877387, -0.110739, 0.893167, 19.803288, 19.803288, -1.823487, -1.403019
[ INFO] [1541515123.305547432]: 13.550000, 0.000000, 0.000000, 0.858450, 0.817421, -0.143961, 0.837936, 9.446342, 9.446342, -1.791437, -1.237855
[ INFO] [1541515123.355561084]: 13.600000, 0.000000, 0.000000, 0.902635, 0.855294, -0.166109, 0.878965, 0.048614, 0.048614, -1.905926, -1.273156
[ INFO] [1541515123.405544528]: 13.650000, 0.000000, 0.000000, 0.842670, 0.807953, -0.121813, 0.825312, -6.897081, -6.897081, -1.726012, -1.256248
[ INFO] [1541515123.455535837]: 13.700000, 0.000000, 0.000000, 0.826890, 0.776393, -0.177183, 0.801641, -13.634703, -13.634703, -1.793972, -1.106999
[ INFO] [1541515123.505551677]: 13.750000, 0.000000, 0.000000, 0.795329, 0.751144, -0.155035, 0.773237, -18.827593, -18.827593, -1.700792, -1.095827
[ INFO] [1541515123.555550538]: 13.800000, 0.000000, 0.000000, 0.675398, 0.710115, 0.121813, 0.692757, -17.975956, -17.975956, -1.009970, -1.493899
[ INFO] [1541515123.605539659]: 13.850000, 0.000000, 0.000000, 0.634370, 0.678555, 0.155035, 0.656462, -16.445610, -16.445610, -0.877167, -1.498013
[ INFO] [1541515123.655548780]: 13.900000, 0.000000, 0.000000, 0.561780, 0.637526, 0.265774, 0.599653, -12.852337, -12.852337, -0.552128, -1.629678
[ INFO] [1541515123.705547172]: 13.950000, 0.000000, 0.000000, 0.460786, 0.514439, 0.188257, 0.487612, -10.390479, -10.390479, -0.493443, -1.275210
[ INFO] [1541515123.755540043]: 14.000000, 0.000000, 0.000000, 0.410289, 0.460786, 0.177183, 0.435537, -8.150255, -8.150255, -0.417914, -1.161789
[ INFO] [1541515123.805539633]: 14.050000, 0.000000, 0.000000, 0.321919, 0.362948, 0.143961, 0.342433, -6.244233, -6.244233, -0.312434, -0.928589
[ INFO] [1541515123.855544275]: 14.100000, 0.000000, 0.000000, 0.255641, 0.271422, 0.055370, 0.263532, -5.797035, -5.797035, -0.355518, -0.596334
[ INFO] [1541515123.905575583]: 14.150000, 0.000000, 0.000000, 0.205144, 0.192520, -0.044296, 0.198832, -6.966705, -6.966705, -0.456621, -0.261455
[ INFO] [1541515123.955564132]: 14.200000, 0.000000, 0.000000, 0.164116, 0.110462, -0.188257, 0.137289, -10.500280, -10.500280, -0.671978, 0.167642
[ INFO] [1541515124.005575648]: 14.250000, 0.000000, 0.000000, 0.107306, 0.063121, -0.155035, 0.085214, -12.559620, -12.559620, -0.506039, 0.192494
[ INFO] [1541515124.055555336]: 14.300000, 0.000000, 0.000000, 0.059965, 0.031561, -0.099665, 0.045763, -12.968885, -12.968885, -0.310074, 0.142432
[ INFO] [1541515124.105567419]: 14.350000, 0.000000, 0.000000, 0.022092, 0.012624, -0.033222, 0.017358, -11.801676, -11.801676, -0.107293, 0.044370
[ INFO] [1541515124.155550543]: 14.400000, 0.000000, 0.000000, -0.009468, 0.006312, 0.055370, -0.001578, -8.897165, -8.897165, 0.129310, -0.124381
[ INFO] [1541515124.205540855]: 14.450000, 0.000000, 0.000000, -0.022092, -0.000000, 0.077517, -0.011046, -5.921535, -5.921535, 0.197088, -0.158724
[ INFO] [1541515124.255548615]: 14.500000, 0.000000, 0.000000, -0.047341, -0.000000, 0.166109, -0.023671, -1.525596, -1.525596, 0.421411, -0.342883
[ INFO] [1541515124.305575178]: 14.550000, 0.000000, 0.000000, -0.034717, -0.003156, 0.110739, -0.018936, 1.065465, 1.065465, 0.287173, -0.221897
[ INFO] [1541515124.355556896]: 14.600000, 0.000000, 0.000000, -0.006312, -0.012624, -0.022148, -0.009468, 0.508640, 0.508640, -0.033791, 0.067839
[ INFO] [1541515124.405567416]: 14.650000, 0.000000, 0.000000, 0.009468, -0.031561, -0.143961, -0.011046, -2.467699, -2.467699, -0.313055, 0.347739
[ INFO] [1541515124.455541791]: 14.700000, 0.000000, 0.000000, 0.006312, -0.041029, -0.166109, -0.017358, -5.425412, -5.425412, -0.353813, 0.409561
[ INFO] [1541515124.505547676]: 14.750000, 0.000000, 0.000000, -0.000000, -0.015780, -0.055370, -0.007890, -5.698919, -5.698919, -0.113144, 0.140854
[ INFO] [1541515124.555532467]: 14.800000, 0.000000, 0.000000, -0.000000, -0.003156, -0.011074, -0.001578, -5.060661, -5.060661, -0.022537, 0.028201
[ INFO] [1541515124.605532363]: 14.850000, 0.000000, 0.000000, -0.009468, -0.000000, 0.033222, -0.004734, -3.597369, -3.597369, 0.084558, -0.067749
[ INFO] [1541515124.655552623]: 14.900000, 0.000000, 0.000000, -0.003156, -0.000000, 0.011074, -0.001578, -2.822885, -2.822885, 0.028201, -0.022537
[ INFO] [1541515124.705556008]: 14.950000, 0.000000, 0.000000, -0.000000, 0.009468, 0.033222, 0.004734, -1.752364, -1.752364, 0.067335, -0.084696
[ INFO] [1541515124.755542362]: 15.000000, 0.000000, 0.000000, 0.003156, 0.003156, 0.000000, 0.003156, -1.508103, -1.508103, -0.005695, -0.005695
[ INFO] [1541515124.805609861]: 15.050000, 0.000000, 0.000000, 0.003156, 0.003156, 0.000000, 0.003156, -1.300481, -1.300481, -0.005695, -0.005695
[ INFO] [1541515124.855531840]: 15.100000, 0.000000, 0.000000, -0.000000, 0.006312, 0.022148, 0.003156, -0.673575, -0.673575, 0.044936, -0.056449
[ INFO] [1541515124.905543975]: 15.150000, 0.000000, 0.000000, -0.000000, 0.006312, 0.022148, 0.003156, -0.140704, -0.140704, 0.044936, -0.056449